Wed Oct  8 09:16:13 2025

wedge_exactness_test():
  python version: 3.10.12
  numpy version:  1.26.4
  Test wedge_exactness()

wedge_exactness():
  Investigate the polynomial exactness of
  a quadrature rule for the unit wedge.

wedge_exactness(): User input:
  Quadrature rule X file = "wedge_felippa_3x2_x.txt".
  Quadrature rule W file = "wedge_felippa_3x2_w.txt".
  Maximum total degree to check =  4
  Number of quadrature points =  6

    Exponents  Degree  Error 

  ( 0, 0, 0)   0        0.0000000000000002

  ( 1, 0, 0)   1        0.0000000000000001
  ( 0, 1, 0)   1        0.0000000000000001
  ( 0, 0, 1)   1        0.0000000000000000

  ( 2, 0, 0)   2        0.0000000000000000
  ( 1, 1, 0)   2        0.0000000000000001
  ( 0, 2, 0)   2        0.0000000000000001
  ( 1, 0, 1)   2        0.0000000000000000
  ( 0, 1, 1)   2        0.0000000000000000
  ( 0, 0, 2)   2        0.0000000000000001

  ( 3, 0, 0)   3        0.0018518518518519
  ( 2, 1, 0)   3        0.0009259259259259
  ( 1, 2, 0)   3        0.0009259259259259
  ( 0, 3, 0)   3        0.0018518518518519
  ( 2, 0, 1)   3        0.0000000000000000
  ( 1, 1, 1)   3        0.0000000000000000
  ( 0, 2, 1)   3        0.0000000000000000
  ( 1, 0, 2)   3        0.0000000000000000
  ( 0, 1, 2)   3        0.0000000000000000
  ( 0, 0, 3)   3        0.0000000000000000

  ( 4, 0, 0)   4        0.0003086419753086
  ( 3, 1, 0)   4        0.0010802469135803
  ( 2, 2, 0)   4        0.0026234567901235
  ( 1, 3, 0)   4        0.0010802469135803
  ( 0, 4, 0)   4        0.0003086419753086
  ( 3, 0, 1)   4        0.0000000000000000
  ( 2, 1, 1)   4        0.0000000000000000
  ( 1, 2, 1)   4        0.0000000000000000
  ( 0, 3, 1)   4        0.0000000000000000
  ( 2, 0, 2)   4        0.0000000000000000
  ( 1, 1, 2)   4        0.0000000000000000
  ( 0, 2, 2)   4        0.0000000000000000
  ( 1, 0, 3)   4        0.0000000000000000
  ( 0, 1, 3)   4        0.0000000000000000
  ( 0, 0, 4)   4        0.0888888888888889


wedge_exactness():
  Normal end of execution.

wedge_exactness_test():
  Normal end of execution.
Wed Oct  8 09:16:13 2025
