 0.00000000e+00 0.00000000e+00
 1.05800000e-01 -4.86828493e-02
 2.04898862e-01 2.76995413e-02
 2.48596959e-01 -1.42256511e-02
 4.50748694e-01 3.85669230e-02
 3.65376381e-01 2.09245683e-01
 3.97709081e-01 1.64002170e-01
 3.94277384e-01 1.60560360e-01
 3.66585766e-01 1.53475818e-01
 3.24855136e-01 2.13738883e-01
 4.01548831e-01 1.99784528e-01
 3.24397480e-01 2.93194049e-01
 2.34584812e-01 3.27485799e-01
 2.41996712e-01 3.23552826e-01
 2.91024053e-01 3.26892434e-01
 2.10742579e-01 2.93694548e-01
 1.71427201e-01 2.82665110e-01
 3.86931227e-01 4.04366079e-01
 2.57489475e-01 3.74523181e-01
 2.21841228e-01 4.09601590e-01
 1.21444299e-01 4.40597632e-01
 1.27766481e-01 4.50096252e-01
 1.23985065e-01 4.45644011e-01
 1.91954799e-01 4.53015990e-01
 -5.53427422e-02 4.38555385e-01
 -3.16492187e-02 4.07238982e-01
 -2.41206148e-01 5.08803548e-01
 -1.86034477e-01 6.41646956e-01
 -2.15194812e-02 6.93619111e-01
 2.31599235e-02 8.44003737e-01
 3.99414753e-02 8.41041092e-01
 3.19875002e-02 8.49323856e-01
 8.80419102e-02 8.80445246e-01
 6.61788048e-02 7.33160596e-01
 -1.98318853e-02 7.61040991e-01
 2.09458251e-02 8.01002532e-01
 -5.86670575e-02 6.83128904e-01
 -1.00067085e-01 7.62874069e-01
 -1.14658178e-01 9.66345930e-01
 -1.82072840e-01 9.35368932e-01
 -1.86050473e-01 9.56458572e-01
 -1.99333423e-01 9.12065636e-01
 -2.15838156e-01 1.00911189e+00
 -1.21437547e-01 9.94073858e-01
 1.38409721e-02 1.33501701e+00
 1.65302122e-01 1.34944290e+00
 1.05901910e-01 1.38289966e+00
 -2.34464342e-02 1.35007907e+00
 -2.42769741e-02 1.34931198e+00
 -3.24166742e-02 1.36133486e+00
 2.32523852e-02 1.33158115e+00
 9.39486482e-02 1.31518262e+00
 3.55252740e-01 1.24898685e+00
 3.05216973e-01 1.22190670e+00
 3.01348863e-01 1.21798340e+00
 1.55934404e-01 9.17748942e-01
 7.91684283e-02 9.15106787e-01
 1.63932949e-01 1.00821103e+00
 3.12495575e-01 1.01023016e+00
 3.85873612e-01 9.95744937e-01
 4.75566771e-01 1.05851087e+00
 5.48799050e-01 9.79703393e-01
 5.61545949e-01 1.00019617e+00
 6.48451168e-01 1.08785820e+00
 6.48364624e-01 1.08790533e+00
 6.53062756e-01 1.09975678e+00
 6.54277335e-01 1.09567084e+00
 6.66232753e-01 1.11612773e+00
 7.40662401e-01 1.29749026e+00
 7.62345456e-01 1.33312794e+00
 7.22586922e-01 1.47150632e+00
 7.98197317e-01 1.51551144e+00
 6.61809401e-01 1.68600064e+00
 6.54166758e-01 1.65400737e+00
 7.52975822e-01 1.60625167e+00
 7.64252559e-01 1.62511343e+00
 7.37656767e-01 1.79498834e+00
 7.44665980e-01 1.71934641e+00
 6.40759331e-01 1.54477105e+00
 5.48759336e-01 1.35231892e+00
 5.26705188e-01 1.33800340e+00
 4.61643054e-01 1.39071472e+00
 5.85784161e-01 1.41374961e+00
 4.54688141e-01 1.51752345e+00
 4.93974249e-01 1.60029682e+00
 5.25199984e-01 1.54246073e+00
 5.29037101e-01 1.54002274e+00
 5.14094802e-01 1.65510304e+00
 5.59444787e-01 1.61071518e+00
 6.68385116e-01 1.71576004e+00
 6.80330362e-01 1.71162307e+00
 6.57974308e-01 1.70215211e+00
 5.56469709e-01 1.56709515e+00
 4.88460745e-01 1.56571482e+00
 4.92274014e-01 1.55914775e+00
 4.42865854e-01 1.41090657e+00
 4.33446166e-01 1.36458835e+00
 3.87319511e-01 1.42210499e+00
 3.59149794e-01 1.54514031e+00
 3.13308825e-01 1.52463568e+00
 3.14063127e-01 1.50996389e+00
 3.24060439e-01 1.48027159e+00
 2.42808421e-01 1.30398272e+00
 2.62669866e-01 1.28621927e+00
 2.11675353e-01 1.31340748e+00
 2.17273988e-01 1.29939692e+00
 3.07239611e-01 1.21139719e+00
 2.98756070e-01 1.17820206e+00
 2.99061034e-01 1.43999593e+00
 2.58799010e-01 1.42951696e+00
 3.08017991e-01 1.44603004e+00
 3.19307786e-01 1.42953441e+00
 2.47530065e-01 1.43031626e+00
 3.28711594e-01 1.26132712e+00
 4.04945568e-01 1.17834770e+00
 4.92488500e-01 1.08129404e+00
 5.15546445e-01 9.44857827e-01
 4.72006630e-01 9.77039317e-01
 6.05611024e-01 1.17282817e+00
 5.51335140e-01 1.18697521e+00
 9.09734090e-01 1.24739295e+00
 9.02501419e-01 1.27717431e+00
 8.20809829e-01 1.23125936e+00
 7.92840826e-01 1.15906615e+00
 7.49846847e-01 1.12047847e+00
 1.05736580e+00 9.50203422e-01
 9.13400528e-01 1.00796350e+00
 9.12136286e-01 1.00496352e+00
 9.65002220e-01 1.11241603e+00
 9.71500987e-01 1.12248477e+00
 8.45440875e-01 1.07935261e+00
 8.04761761e-01 1.11041438e+00
 7.82001882e-01 1.20150873e+00
 6.97344078e-01 1.10104730e+00
 6.99276353e-01 1.10930674e+00
 6.99373283e-01 1.14192838e+00
 7.70709962e-01 1.02243031e+00
 7.54644176e-01 1.04195721e+00
 7.48660212e-01 9.96459916e-01
 6.43665046e-01 1.05905563e+00
 6.64696808e-01 1.07793201e+00
 7.01789891e-01 9.65708316e-01
 6.59355132e-01 9.94261073e-01
 7.02925484e-01 1.20496033e+00
 7.03912472e-01 1.20741456e+00
 8.07703616e-01 1.12054622e+00
 7.71051512e-01 1.11344327e+00
 8.08950782e-01 1.33591135e+00
 7.99300525e-01 1.33284813e+00
 8.25726529e-01 1.32617361e+00
 8.65356061e-01 1.10236735e+00
 9.53289082e-01 1.14657672e+00
 1.01879537e+00 1.30502809e+00
 1.13663525e+00 1.39758511e+00
 1.14989720e+00 1.42549239e+00
 1.14945628e+00 1.41752742e+00
 1.24645016e+00 1.55102357e+00
 1.24069801e+00 1.56208855e+00
 1.24739734e+00 1.54505778e+00
 1.25072511e+00 1.40958029e+00
 1.37663210e+00 1.35862332e+00
 1.40976222e+00 1.37984382e+00
 1.40725680e+00 1.50363254e+00
 1.44141707e+00 1.48887149e+00
 1.42229304e+00 1.44032227e+00
 1.49836968e+00 1.55091641e+00
 1.49720502e+00 1.55528604e+00
 1.40554761e+00 1.59457384e+00
 1.27031520e+00 1.37337700e+00
 1.29944846e+00 1.44985418e+00
 1.21814463e+00 1.36347717e+00
 1.21847612e+00 1.37821200e+00
 1.19440938e+00 1.37198392e+00
 1.22391005e+00 1.37006246e+00
 1.26737635e+00 1.38943410e+00
 1.38218139e+00 1.11274983e+00
 1.41271569e+00 1.00191015e+00
 1.30550135e+00 9.65002553e-01
 1.30882662e+00 1.03928249e+00
 1.29361355e+00 9.32095771e-01
 1.29984805e+00 1.10620998e+00
 1.29705021e+00 1.12848303e+00
 1.23837182e+00 8.56524991e-01
 1.14958350e+00 7.84524887e-01
 1.12195042e+00 7.62354445e-01
 1.14669909e+00 6.31956045e-01
 1.12957006e+00 6.12825700e-01
 1.25227075e+00 4.69372216e-01
 1.33738759e+00 3.97744134e-01
 1.29082993e+00 4.77621340e-01
 1.25886724e+00 5.38375536e-01
 1.23883347e+00 5.23787648e-01
 1.12795548e+00 7.00273780e-01
 1.09812012e+00 8.17710753e-01
 1.25805009e+00 8.60076250e-01
 1.09697063e+00 9.22973009e-01
 1.06568649e+00 9.85695914e-01
 9.92232434e-01 9.75948534e-01
 1.04342556e+00 1.09777541e+00
 1.02094787e+00 1.09536860e+00
 9.39142548e-01 1.17732624e+00
 8.23701512e-01 1.09507220e+00
 8.59528872e-01 1.12494246e+00
 6.60494715e-01 1.02499700e+00
 5.53020644e-01 9.67584763e-01
 5.38508936e-01 7.88233361e-01
 5.03178770e-01 7.94892631e-01
 5.84822492e-01 6.05274793e-01
 5.86008628e-01 5.93172018e-01
 8.71045445e-01 6.07008684e-01
 8.99515037e-01 6.48695281e-01
 8.90285880e-01 5.75367398e-01
 9.01243442e-01 5.20688530e-01
 8.96057870e-01 4.96804362e-01
 8.81686811e-01 4.44653491e-01
 8.67101754e-01 4.45133168e-01
 8.88281930e-01 3.80433687e-01
 8.89013406e-01 3.26308938e-01
 8.57895461e-01 5.40754887e-01
 1.07024047e+00 4.81375169e-01
 9.75331654e-01 5.53486368e-01
 8.24814529e-01 6.01350149e-01
 8.93510300e-01 5.49500060e-01
 8.80649077e-01 4.62542427e-01
 8.69480956e-01 4.58957531e-01
 9.11646679e-01 5.35612394e-01
 1.02968767e+00 5.11200275e-01
 1.05706944e+00 5.06024882e-01
 8.60399844e-01 4.98658670e-01
 8.26595860e-01 5.24642561e-01
 7.79589849e-01 5.63056314e-01
 7.70684803e-01 5.09733126e-01
 8.60142603e-01 4.34133461e-01
 8.07118657e-01 4.12086843e-01
 5.46158991e-01 5.21254111e-01
 5.58816198e-01 6.57729123e-01
 5.96929203e-01 6.25039447e-01
 7.81616282e-01 9.23058835e-01
 8.18944567e-01 9.31151547e-01
 6.85968414e-01 1.05354455e+00
 6.70639078e-01 9.95227701e-01
 6.23131482e-01 1.05876977e+00
 5.97768019e-01 1.04701271e+00
 5.89470905e-01 1.09896502e+00
 6.28060674e-01 1.14947447e+00
 4.98933244e-01 1.20404336e+00
 5.92321971e-01 1.25173920e+00
 5.99970163e-01 1.15174783e+00
 5.41892901e-01 1.19985413e+00
 3.97346517e-01 1.16784334e+00
 4.17226179e-01 1.13895949e+00
 3.97237404e-01 1.14921849e+00
 3.84156717e-01 1.18736737e+00
 4.11659890e-01 1.15785017e+00
 3.44781578e-01 1.34916595e+00
 6.15276351e-01 1.20745463e+00
 6.47379069e-01 1.05439951e+00
 6.43795669e-01 9.96812313e-01
 6.82282896e-01 1.02448545e+00
 7.27653242e-01 9.97124778e-01
 6.68709076e-01 1.02618351e+00
 5.70964888e-01 9.92959637e-01
 5.64799822e-01 9.03873139e-01
 5.74489696e-01 8.68216116e-01
 5.74876398e-01 8.69883834e-01
 5.97243839e-01 9.83977883e-01
 5.90553363e-01 9.63829467e-01
 7.13773418e-01 9.78107264e-01
 7.31601501e-01 9.44514847e-01
 8.31105189e-01 1.06882072e+00
 8.17125005e-01 1.06880217e+00
 9.21213508e-01 9.39819610e-01
 9.43820287e-01 8.70663738e-01
 9.69615765e-01 8.85786036e-01
 1.11965361e+00 8.83177606e-01
 1.09578890e+00 8.60839069e-01
 1.14903988e+00 8.00586652e-01
 1.14481185e+00 8.02109269e-01
 1.15612561e+00 8.15483149e-01
 1.11473378e+00 8.44891074e-01
 1.30666532e+00 7.26842474e-01
 1.22571034e+00 1.02201460e+00
 8.61233428e-01 1.07926793e+00
 8.82220247e-01 1.01432798e+00
 9.42722245e-01 1.01301820e+00
 9.58649980e-01 1.04202914e+00
 8.56807224e-01 9.61671391e-01
 8.53186004e-01 1.02071578e+00
 8.70658696e-01 1.04790059e+00
 7.91556065e-01 1.19242959e+00
 8.60614377e-01 1.18397289e+00
 8.59414584e-01 1.19330633e+00
 1.02335495e+00 1.35551298e+00
 9.57227039e-01 1.42707439e+00
 9.28142519e-01 1.43995050e+00
 9.28318233e-01 1.44576759e+00
 9.81890077e-01 1.39987070e+00
 9.87740619e-01 1.35049601e+00
 1.19478904e+00 1.39987817e+00
 1.38451154e+00 1.40588165e+00
 1.34002594e+00 1.45095815e+00
 1.34334838e+00 1.42930660e+00
 1.31526220e+00 1.42228118e+00
 1.31592072e+00 1.43277742e+00
 1.31326351e+00 1.42849699e+00
 1.33599360e+00 1.50645185e+00
 1.15081853e+00 1.44223565e+00
 9.89928157e-01 1.38459862e+00
 9.81209637e-01 1.39133139e+00
 8.50425221e-01 1.34234884e+00
 8.52178957e-01 1.34259668e+00
 7.15059277e-01 1.20390611e+00
 6.77187797e-01 1.26249952e+00
 7.00739992e-01 1.41641698e+00
 6.33570230e-01 1.37806524e+00
 6.23041818e-01 1.39480955e+00
 8.93487753e-01 1.45948871e+00
 8.02193859e-01 1.50346343e+00
 9.78684882e-01 1.38272403e+00
 9.70450377e-01 1.41376225e+00
 9.47671616e-01 1.40493033e+00
 9.65688491e-01 1.37426950e+00
 1.12961032e+00 1.53186900e+00
 9.12430103e-01 1.43654286e+00
 8.96579191e-01 1.68316028e+00
 9.55775758e-01 1.86994395e+00
 8.87429284e-01 1.87604235e+00
 9.02849018e-01 1.84554908e+00
 8.55913507e-01 1.89906735e+00
 8.97021702e-01 1.99191463e+00
 9.96892423e-01 2.07779009e+00
 1.02948550e+00 2.08760192e+00
 1.03036804e+00 2.14698750e+00
 9.79676148e-01 2.14476661e+00
 9.46385249e-01 2.12984241e+00
 1.01020951e+00 2.17901588e+00
 1.15232853e+00 2.32030165e+00
 1.13956683e+00 2.37569299e+00
 1.04674639e+00 2.51779326e+00
 1.09158137e+00 2.53689757e+00
 1.19083261e+00 2.51011975e+00
 1.19309926e+00 2.53978369e+00
 1.38412696e+00 2.82619469e+00
 1.33549402e+00 2.85802657e+00
 1.33531389e+00 2.85321139e+00
 1.31999652e+00 2.88373697e+00
 1.28371018e+00 2.89184764e+00
 1.38118989e+00 2.85766138e+00
 1.26785992e+00 2.80190889e+00
 1.27812505e+00 2.81146797e+00
 1.31310417e+00 2.84850079e+00
 1.21374008e+00 2.78033995e+00
 1.20465743e+00 2.73021573e+00
 1.30609464e+00 2.88887222e+00
 1.08717401e+00 3.03959069e+00
 8.86880500e-01 3.00753662e+00
 9.29877423e-01 2.96215979e+00
 9.10338706e-01 3.01576217e+00
 8.76367789e-01 3.10044213e+00
 8.75205099e-01 3.09876840e+00
 8.36105552e-01 3.11837620e+00
 7.62392626e-01 3.14780534e+00
 8.06331615e-01 3.08240255e+00
 7.85336072e-01 3.26502267e+00
 6.64397250e-01 3.24359338e+00
 7.31356010e-01 3.20965312e+00
 8.44934646e-01 3.25339394e+00
 8.44979034e-01 3.26871969e+00
 9.05008774e-01 3.16972051e+00
 8.80751004e-01 3.12826758e+00
 8.06895394e-01 3.08767546e+00
 9.68720064e-01 3.06237977e+00
 9.52968010e-01 2.93270837e+00
 9.53538462e-01 2.94022785e+00
 9.25747185e-01 2.89684671e+00
 7.98224502e-01 2.91281264e+00
 9.19203307e-01 2.95760886e+00
 9.62533346e-01 2.98907249e+00
 1.00743582e+00 2.92731008e+00
 9.65923196e-01 2.97691148e+00
 8.58590707e-01 2.89473608e+00
 8.33027977e-01 2.96857036e+00
 8.84855798e-01 3.09156719e+00
 8.94767860e-01 2.98434210e+00
 9.94050034e-01 2.98667924e+00
 9.92441902e-01 2.99264002e+00
 1.02503257e+00 3.20293154e+00
 1.03840962e+00 3.16212128e+00
 1.05967423e+00 3.27239327e+00
 1.06291521e+00 3.27221978e+00
 1.09061652e+00 3.18402042e+00
 1.09391648e+00 3.17324595e+00
 1.10420034e+00 3.04118489e+00
 1.10467920e+00 3.05418456e+00
 1.12210790e+00 3.09213413e+00
 1.09811228e+00 3.10847052e+00
 1.11703107e+00 3.13828495e+00
 1.10121818e+00 3.12850596e+00
 1.06720816e+00 3.15303326e+00
 1.05133637e+00 3.16806592e+00
 9.89378957e-01 3.21780976e+00
 1.09633461e+00 3.30176218e+00
 9.21968631e-01 3.23363050e+00
 8.14007407e-01 2.99407865e+00
 9.26562713e-01 2.95473212e+00
 9.37732720e-01 2.99421681e+00
 8.81298087e-01 3.08580459e+00
 8.82031876e-01 3.08842058e+00
 9.67915728e-01 3.38480269e+00
 1.01337591e+00 3.44187559e+00
 1.00934126e+00 3.43155729e+00
 9.89373493e-01 3.38661614e+00
 1.09422097e+00 3.33705107e+00
 1.02989837e+00 3.56518871e+00
 8.91988389e-01 3.73189424e+00
 9.16915294e-01 3.77112885e+00
 9.02800632e-01 3.82182149e+00
 8.35219862e-01 3.86985167e+00
 9.46569920e-01 3.81525421e+00
 9.39265534e-01 3.81756086e+00
 9.22278721e-01 3.88300983e+00
 1.07541441e+00 4.09871597e+00
 1.10855348e+00 4.08749568e+00
 1.02924703e+00 4.13606511e+00
 1.04256836e+00 4.15488658e+00
 9.92926339e-01 4.17980945e+00
 9.13377082e-01 4.01237719e+00
 9.51048125e-01 4.02909479e+00
 8.38581630e-01 3.93640108e+00
 7.74805222e-01 3.99748652e+00
 8.35362949e-01 3.92508547e+00
 6.84285170e-01 3.87978557e+00
 7.91240771e-01 3.91348670e+00
 9.10268521e-01 3.67542109e+00
 1.01711732e+00 3.78276745e+00
 1.02356791e+00 3.75146208e+00
 1.07882829e+00 3.73318665e+00
 1.08477301e+00 3.74738097e+00
 1.12329245e+00 3.73959820e+00
 1.12996845e+00 3.84652083e+00
 8.53267727e-01 3.86381755e+00
 8.79347903e-01 3.93068599e+00
 8.64165940e-01 3.89071986e+00
 1.00268585e+00 3.81899405e+00
 9.79171538e-01 3.97290789e+00
 7.65305027e-01 3.83816156e+00
 7.29300298e-01 3.55987264e+00
 5.90352670e-01 3.74392972e+00
 6.44091438e-01 3.84361505e+00
 6.65685209e-01 3.88444195e+00
 4.79090781e-01 3.95873473e+00
 4.67137805e-01 3.94207744e+00
 3.14642550e-01 3.63508030e+00
 3.10850542e-01 3.63956702e+00
 2.77118369e-01 3.64073488e+00
 2.96317808e-01 3.53387645e+00
 2.06479807e-02 3.36359645e+00
 2.61596395e-02 3.38497556e+00
 -2.52722280e-01 3.49253640e+00
 -2.25048765e-01 3.43062544e+00
 -3.93206027e-01 3.36387315e+00
 -4.23567706e-01 3.31726218e+00
 -3.57476452e-01 3.07957243e+00
 -3.27504850e-01 3.03610428e+00
 -3.91169692e-01 3.10298132e+00
 -3.92943503e-01 3.11491416e+00
 -2.52904947e-01 3.16578172e+00
 -2.22953543e-01 3.07735592e+00
 -3.44696198e-01 3.00420827e+00
 -3.73075064e-01 3.05114769e+00
 -3.74873008e-01 3.03386046e+00
 -3.62941647e-01 3.24359693e+00
 -2.64234826e-01 3.23434311e+00
 -3.88411029e-01 3.25881616e+00
 -2.66480748e-01 3.31497743e+00
 -2.43315825e-01 3.33165999e+00
 -1.18626504e-01 3.20057568e+00
 -1.23951408e-01 3.18706168e+00
 -1.03112819e-01 3.16928191e+00
 -3.26764486e-02 3.03627934e+00
 -1.21871529e-01 2.92879172e+00
 -2.04214031e-01 3.01067341e+00
 -3.56143072e-01 3.07783095e+00
 -2.62304708e-01 3.00501802e+00
 -2.68832825e-01 3.00558696e+00
 -3.17603243e-01 3.05082108e+00
 -3.33585218e-01 3.06792620e+00
 -3.77551828e-01 3.25791435e+00
 -4.30748069e-01 3.01342581e+00
 -7.10692733e-01 3.25903050e+00
 -7.51598095e-01 3.11160882e+00
 -7.57353568e-01 3.29708830e+00
 -7.19368267e-01 3.19474128e+00
 -7.36942687e-01 3.21894378e+00
 -7.57019597e-01 3.47803480e+00
 -6.23960580e-01 3.29379673e+00
 -3.60051620e-01 3.31670812e+00
 -3.01936497e-01 3.19970541e+00
 -4.58497405e-01 3.13026651e+00
 -4.61521387e-01 3.13664420e+00
 -4.86782573e-01 3.07001016e+00
 -3.30167261e-01 2.79905985e+00
 -3.32980769e-01 2.78093812e+00
 -3.48922175e-01 2.71062375e+00
 -4.97378918e-01 2.64480774e+00
 -4.78640042e-01 2.48539965e+00
 -4.52015952e-01 2.46047075e+00
 -1.38323899e-01 2.47660955e+00
 -1.96644193e-01 2.48207389e+00
 -1.82489987e-01 2.46991540e+00
 -6.87446965e-02 2.49528814e+00
 -4.56460539e-02 2.54105640e+00
 -2.28947010e-01 2.42977316e+00
 -2.75923516e-01 2.33226284e+00
 -2.99476790e-01 2.26926386e+00
 -3.19771493e-01 2.34928184e+00
 -3.41359980e-01 2.29881864e+00
 -4.30697406e-01 2.33784678e+00
 -5.04801275e-01 2.44016486e+00
 -5.22075954e-01 2.40228247e+00
 -5.07040973e-01 2.49851025e+00
 -6.99578667e-01 2.54603684e+00
 -6.38699475e-01 2.39490855e+00
 -7.45740368e-01 2.38136908e+00
 -7.05684999e-01 2.37561407e+00
 -5.21904195e-01 2.34772417e+00
 -4.44798952e-01 2.37385276e+00
 -4.64439792e-01 2.30415159e+00
 -5.30086127e-01 2.22035986e+00
 -4.51254674e-01 2.16922393e+00
 -3.73954421e-01 2.06710344e+00
 -3.52032182e-01 2.04640659e+00
 -1.43149168e-01 2.16629939e+00
 -2.43638933e-01 2.19924731e+00
 -9.32674811e-02 2.11614203e+00
 2.09667508e-01 2.00917040e+00
 6.42813413e-02 2.11422843e+00
 2.25216874e-01 2.15390728e+00
 2.30893580e-01 2.22600574e+00
 1.80859919e-01 2.36603307e+00
 2.29415065e-01 2.64082510e+00
 2.48408485e-01 2.61207688e+00
 3.17045420e-01 2.58796978e+00
 2.30220491e-01 2.56311779e+00
 1.86317325e-01 2.68968316e+00
 2.82654705e-01 2.61015117e+00
 4.23294113e-01 2.58094777e+00
 4.13528020e-01 2.66286080e+00
 4.12377414e-01 2.66132765e+00
 4.84170660e-01 2.71783030e+00
 4.83012778e-01 2.71465505e+00
 6.45816894e-01 2.53194199e+00
 4.05368721e-01 2.74506360e+00
 4.16764352e-01 2.76269891e+00
 4.77444700e-01 2.72768573e+00
 3.50122221e-01 2.83347595e+00
 4.70225572e-01 2.66804722e+00
 4.38736713e-01 2.70527810e+00
 4.56811163e-01 2.71801443e+00
 3.50583662e-01 2.79146215e+00
 6.25244133e-01 2.76151087e+00
 7.12603395e-01 2.65985887e+00
 7.11470169e-01 2.65924922e+00
 7.53869843e-01 2.51287677e+00
 8.40567285e-01 2.34778778e+00
 9.07570498e-01 2.14188400e+00
 6.84967196e-01 2.17769212e+00
 7.10345135e-01 2.20731687e+00
 5.83311863e-01 2.06185678e+00
 6.04339045e-01 1.88013168e+00
 5.72490507e-01 1.86308751e+00
 5.07813814e-01 1.88712010e+00
 5.23465834e-01 1.94076147e+00
 5.66129632e-01 1.77082847e+00
 6.28970425e-01 1.77443245e+00
 6.46876279e-01 1.76053370e+00
 6.51868854e-01 1.75655875e+00
 8.57636844e-01 1.77837795e+00
 9.33499314e-01 1.90177238e+00
 9.13362629e-01 1.88026316e+00
 9.10876130e-01 1.82023292e+00
 7.95009042e-01 1.91917426e+00
 8.93576567e-01 1.98983051e+00
 8.68254813e-01 1.97802771e+00
 9.10247706e-01 1.96020981e+00
 8.88736779e-01 1.84130121e+00
 7.96620970e-01 1.60107457e+00
 7.54983492e-01 1.57749319e+00
 5.32879604e-01 1.50191488e+00
 5.00989950e-01 1.49496343e+00
 5.62496182e-01 1.51963720e+00
 5.24601996e-01 1.38262704e+00
 3.96990286e-01 1.24667526e+00
 4.82192350e-01 1.40498999e+00
 5.32448633e-01 1.47348096e+00
 4.94539726e-01 1.51087848e+00
 5.32533647e-01 1.55316964e+00
 5.27833196e-01 1.55068268e+00
 4.17039955e-01 1.58318850e+00
 3.98407022e-01 1.67455641e+00
 4.13826914e-01 1.66346585e+00
 3.87359909e-01 1.60496904e+00
 3.29447149e-01 1.54729170e+00
 3.12470492e-01 1.56844975e+00
 3.11590257e-01 1.56901318e+00
 3.01865023e-02 1.44902951e+00
 -5.72718682e-02 1.46660011e+00
 -6.59880064e-02 1.61653222e+00
 6.43776970e-02 1.69690597e+00
 6.10674889e-02 1.66811259e+00
 1.57246946e-01 1.70732391e+00
 1.87938264e-01 1.68374707e+00
 3.32721205e-01 1.69336004e+00
 4.63557169e-01 1.62609060e+00
 5.00108183e-01 1.68355826e+00
 2.43459968e-01 1.85239488e+00
 2.45988032e-01 1.88150178e+00
 2.19158231e-01 1.81895231e+00
 1.50214309e-01 1.84554981e+00
 -1.32705677e-01 1.82938058e+00
 -2.20295045e-01 1.88572725e+00
 -2.71370947e-01 1.78077303e+00
 -1.41794834e-01 1.65180096e+00
 -2.06226667e-01 1.72465757e+00
 -1.68734902e-01 1.78097982e+00
 -1.59630306e-01 1.76209687e+00
 3.82785338e-03 1.62690320e+00
 1.69923866e-03 1.62494493e+00
 -4.51535036e-02 1.59616297e+00
 -1.30259117e-01 1.60133900e+00
 -1.25087681e-01 1.59927175e+00
 -1.23861097e-01 1.60593549e+00
 -6.40352574e-02 1.69666767e+00
 2.89517419e-02 1.69645318e+00
 3.08874628e-02 1.76958636e+00
 -3.56068800e-02 1.85331871e+00
 -8.52584503e-02 1.73512539e+00
 -7.17946181e-02 1.70999130e+00
 7.48739182e-02 1.82726279e+00
 1.76915790e-02 1.79227172e+00
 1.02222522e-01 1.73621432e+00
 6.32830134e-02 1.79021206e+00
 -6.59478515e-02 1.55038300e+00
 -6.27404651e-02 1.54610946e+00
 -1.54653923e-01 1.65966839e+00
 -3.62617792e-01 1.58551801e+00
 -3.28461367e-01 1.58067668e+00
 -2.79688718e-01 1.61494204e+00
 -2.22704414e-01 1.67381835e+00
 -1.12432593e-01 1.80473691e+00
 -8.74319283e-02 1.80203677e+00
 -2.29158346e-01 1.85500496e+00
 -2.27851640e-01 1.83286105e+00
 -2.63026139e-01 1.80072441e+00
 -2.37346261e-01 1.62314219e+00
 -1.51718760e-01 1.62242000e+00
 -1.34281746e-01 1.53801443e+00
 -1.75592794e-01 1.65026943e+00
 -1.78436043e-01 1.55860588e+00
 -2.81273503e-01 1.55380666e+00
 -2.96040539e-01 1.36680911e+00
 -2.60746238e-01 1.34683800e+00
 -2.39656346e-01 1.34094196e+00
 -2.28872278e-01 1.52407148e+00
 -2.42760019e-01 1.53351226e+00
 -3.62196019e-01 1.64070597e+00
 -4.03529105e-01 1.61259737e+00
 -4.06656824e-01 1.62206375e+00
 -3.63538657e-01 1.58459315e+00
 -3.71420333e-01 1.59903147e+00
 -3.51969387e-01 1.60244708e+00
 -3.06759029e-01 1.69969604e+00
 -2.20587454e-01 1.74779833e+00
 -1.85825983e-01 1.76289450e+00
 -3.95499102e-03 1.80669101e+00
 -1.57157083e-01 1.88813096e+00
 -1.62550676e-01 1.90321952e+00
 -2.32888234e-01 1.95853081e+00
 -4.67160852e-02 1.91757214e+00
 -1.77988966e-01 1.83133525e+00
 -2.58704422e-01 2.00121593e+00
 -1.91083449e-01 1.87451749e+00
 -2.75515659e-01 1.81374392e+00
 -3.62880239e-01 1.89736868e+00
 -3.48402167e-01 1.89539006e+00
 -3.64024513e-01 1.83227842e+00
 -4.04664306e-01 1.76960441e+00
 -3.40774654e-01 1.81102004e+00
 -3.34803365e-01 1.79792055e+00
 -1.29545939e-01 1.76103760e+00
 3.01765491e-02 1.90547138e+00
 4.09293369e-03 1.86441826e+00
 -2.91684056e-02 1.87211612e+00
 3.68838367e-02 1.82167062e+00
 1.49857920e-01 1.70178558e+00
 2.07615102e-01 1.72949118e+00
 2.13653642e-01 1.78412754e+00
 2.44709359e-01 1.82689850e+00
 3.23142813e-01 1.85905034e+00
 5.52118989e-01 2.01367303e+00
 6.84346188e-01 2.06990181e+00
 8.96623411e-01 2.11068088e+00
 9.29849442e-01 2.07824726e+00
 1.01009989e+00 1.98625637e+00
 9.32597001e-01 2.05465371e+00
 1.06489643e+00 2.25162786e+00
 8.68508790e-01 2.22816312e+00
 7.30737479e-01 2.19995768e+00
 6.59225716e-01 2.21070559e+00
 6.24431574e-01 2.26905274e+00
 4.23238283e-01 2.21563544e+00
 4.19691385e-01 2.22191161e+00
 6.30298040e-01 2.13528273e+00
 6.54688609e-01 2.16336850e+00
 5.95074452e-01 2.34482974e+00
 4.87537279e-01 2.31145000e+00
 5.96862143e-01 2.33107053e+00
 7.01831027e-01 2.48897645e+00
 8.25142426e-01 2.40365493e+00
 8.73125693e-01 2.31603432e+00
 9.50262631e-01 2.26534927e+00
 1.06748936e+00 2.22979203e+00
 9.99679920e-01 2.15558263e+00
 1.27651934e+00 1.89054103e+00
 1.24499676e+00 1.76704425e+00
 1.25576834e+00 1.92716400e+00
 1.16745371e+00 1.96092940e+00
 1.18603124e+00 1.95225242e+00
 1.28994606e+00 1.84389734e+00
 1.29295541e+00 1.82309613e+00
 1.27306290e+00 1.89844014e+00
 1.34569194e+00 1.94074524e+00
 1.27189919e+00 1.93586630e+00
 1.26238483e+00 1.94266181e+00
 1.33158418e+00 2.08063445e+00
 1.35249252e+00 2.11528043e+00
 1.37734764e+00 2.09894895e+00
 1.44292793e+00 2.03617827e+00
 1.48507287e+00 2.00409046e+00
 1.56293166e+00 1.81190988e+00
 1.83014094e+00 1.73016460e+00
 1.74055392e+00 2.05786899e+00
 1.67649076e+00 2.03882470e+00
 1.62126021e+00 2.09599008e+00
 1.60606575e+00 2.13524916e+00
 1.63502452e+00 2.09858902e+00
 1.57651154e+00 1.70200014e+00
 1.63193388e+00 1.91873866e+00
 1.54508013e+00 1.90393014e+00
 1.49864881e+00 1.97092960e+00
 1.48230697e+00 1.93031237e+00
 1.40808654e+00 1.92566501e+00
 1.58582212e+00 2.02900020e+00
 1.49235796e+00 1.87602964e+00
 1.57003014e+00 1.84021049e+00
 1.54948729e+00 1.89429935e+00
 1.63574673e+00 2.16047376e+00
 1.39138093e+00 2.04394859e+00
 1.38503284e+00 1.83573234e+00
 1.55758484e+00 1.74828921e+00
 1.48492384e+00 1.72709970e+00
 1.58507871e+00 1.57289861e+00
 1.53284008e+00 1.61109990e+00
 1.38853425e+00 1.64509656e+00
 1.48367425e+00 1.55887025e+00
 1.45467694e+00 1.56047009e+00
 1.51715741e+00 1.72233865e+00
 1.51993670e+00 1.73282485e+00
 1.62663816e+00 1.74146841e+00
 1.62352412e+00 1.73473648e+00
 1.67930903e+00 1.87624970e+00
 1.67546585e+00 1.87660903e+00
 1.72275482e+00 2.00714063e+00
 1.88210122e+00 1.86450610e+00
 1.94834628e+00 1.90461467e+00
 1.94936243e+00 1.92559104e+00
 1.85335523e+00 1.81032440e+00
 1.88501239e+00 1.78198791e+00
 1.70514251e+00 1.77965165e+00
 1.97853656e+00 1.77005405e+00
 1.93943258e+00 1.77192249e+00
 1.95083008e+00 1.76613350e+00
 2.04891828e+00 1.79236050e+00
 2.04524582e+00 1.80302661e+00
 1.92548396e+00 1.86067217e+00
 1.90676652e+00 1.87150554e+00
 1.85851862e+00 1.82214635e+00
 2.02854363e+00 1.71623514e+00
 1.99059497e+00 1.89991616e+00
 2.04268125e+00 1.86599168e+00
 2.23471598e+00 1.96523230e+00
 2.23872064e+00 1.96358139e+00
 2.29214190e+00 1.96053141e+00
 2.34350879e+00 1.97779509e+00
 2.46524201e+00 1.96450272e+00
 2.46563754e+00 1.90569595e+00
 2.44768925e+00 2.00078601e+00
 2.49420770e+00 2.04380745e+00
 2.52350966e+00 2.05489474e+00
 2.48904036e+00 2.02348206e+00
 2.48081319e+00 1.80690237e+00
 2.48015692e+00 1.79644663e+00
 2.46926996e+00 1.72599173e+00
 2.47978668e+00 1.52817278e+00
 2.49598095e+00 1.42434538e+00
 2.52037786e+00 1.46531995e+00
 2.56482262e+00 1.43529562e+00
 2.61994081e+00 1.50074701e+00
 2.46218144e+00 1.29251298e+00
 2.36092046e+00 1.24054785e+00
 2.38973362e+00 1.08135195e+00
 2.53113044e+00 1.04096656e+00
 2.53103535e+00 1.05169328e+00
 2.34264119e+00 1.00901148e+00
 2.40838364e+00 1.04514077e+00
 2.46768602e+00 1.07989409e+00
 2.44580589e+00 1.02505667e+00
 2.73240417e+00 1.26560843e+00
 2.68210462e+00 1.39681347e+00
 2.83670700e+00 1.53999627e+00
 2.72247621e+00 1.50780836e+00
 2.78556725e+00 1.60057731e+00
 2.86894726e+00 1.64888443e+00
 2.67634397e+00 1.73691417e+00
 2.83811601e+00 1.82249239e+00
 2.84608599e+00 1.82981359e+00
 2.85575418e+00 1.85227140e+00
 3.00254658e+00 1.98059618e+00
 2.97922021e+00 1.95249381e+00
 3.15968099e+00 2.05337180e+00
 3.16720952e+00 2.12631652e+00
 3.12517763e+00 2.15107324e+00
 3.03180233e+00 2.29859135e+00
 2.73110806e+00 2.10088137e+00
 2.63381228e+00 2.08974989e+00
 2.65089980e+00 2.30176160e+00
 2.45439011e+00 2.24261231e+00
 2.45073825e+00 2.21863467e+00
 2.44976423e+00 2.17832314e+00
 2.43187927e+00 2.08854448e+00
 2.37309349e+00 2.08143179e+00
 2.24463831e+00 2.23649769e+00
 2.25113757e+00 2.24223393e+00
 2.16950406e+00 2.09927037e+00
 2.18103869e+00 2.17428554e+00
 2.27976027e+00 2.14092605e+00
 2.25274283e+00 2.01510567e+00
 2.25357728e+00 2.11366247e+00
 2.25492508e+00 2.11663928e+00
 2.30927803e+00 2.13318829e+00
 2.29232439e+00 2.04761035e+00
 2.29208508e+00 2.03446673e+00
 2.32879359e+00 1.97845647e+00
 2.35179566e+00 1.97517627e+00
 2.36194697e+00 1.77409871e+00
 2.32265148e+00 1.79536376e+00
 2.31815744e+00 1.78429208e+00
 2.26684674e+00 1.80290422e+00
 2.30430763e+00 1.76371902e+00
 2.39971533e+00 1.85342480e+00
 2.39336686e+00 1.80786853e+00
 2.39021269e+00 1.88081090e+00
 2.44734875e+00 1.89276650e+00
 2.46775100e+00 1.91527362e+00
 2.67137395e+00 1.86935862e+00
 2.68992975e+00 1.86682084e+00
 2.57128249e+00 1.86294387e+00
 2.45820989e+00 1.63696389e+00
 2.46461874e+00 1.62756080e+00
 2.45175374e+00 1.63061011e+00
 2.46582296e+00 1.56143419e+00
 2.45999192e+00 1.59353057e+00
 2.48102057e+00 1.59078032e+00
 2.55637128e+00 1.65095493e+00
 2.56080850e+00 1.56367526e+00
 2.45704157e+00 1.51027554e+00
 2.39487436e+00 1.41700971e+00
 2.40907669e+00 1.35099943e+00
 2.37508422e+00 1.39728846e+00
 2.38031325e+00 1.39540729e+00
 2.37478600e+00 1.34263662e+00
 2.26604543e+00 1.16500354e+00
 2.18633267e+00 1.16451488e+00
 2.13241552e+00 1.06706822e+00
 1.96271752e+00 7.94420051e-01
 1.96604477e+00 7.94472394e-01
 1.91220804e+00 8.17046132e-01
 2.16206224e+00 1.03897842e+00
 2.09728014e+00 8.48533820e-01
 2.03084436e+00 7.86832290e-01
 2.02693238e+00 9.29121258e-01
 1.91024724e+00 9.61813236e-01
 1.82675058e+00 7.96286565e-01
 1.59708968e+00 6.04699756e-01
 1.75331540e+00 5.13287353e-01
 1.73173381e+00 4.33412202e-01
 1.96347475e+00 4.08797249e-01
 1.91295613e+00 4.01889324e-01
 2.07206371e+00 4.90852180e-01
 1.92090990e+00 5.94432140e-01
 2.15922788e+00 7.09933773e-01
 1.99534988e+00 1.02444824e+00
 1.92839833e+00 1.10463100e+00
 1.78372835e+00 9.82749881e-01
 1.77088164e+00 9.57062118e-01
 1.80426919e+00 9.89612557e-01
 1.80080152e+00 1.02868129e+00
 1.57703534e+00 1.12920014e+00
 1.59652848e+00 1.17939134e+00
 1.64383756e+00 1.22233343e+00
 1.64397389e+00 1.15437271e+00
 1.60767587e+00 1.20474835e+00
 1.58744082e+00 1.20150347e+00
 1.59514393e+00 1.17493972e+00
 1.39984103e+00 9.81484031e-01
 1.49454397e+00 1.02815127e+00
 1.55451929e+00 9.99762627e-01
 1.46631141e+00 9.76599966e-01
 1.51339372e+00 1.06458445e+00
 1.55850331e+00 1.14794768e+00
 1.46380240e+00 1.19365321e+00
 1.63446424e+00 1.23461032e+00
 1.61358205e+00 1.23019485e+00
 1.64985082e+00 1.23898058e+00
 1.65209645e+00 1.23389875e+00
 1.59127487e+00 1.24084701e+00
 1.79304203e+00 1.16923729e+00
 1.71979674e+00 1.25179684e+00
 1.64968960e+00 1.35320136e+00
 1.81672703e+00 1.45621123e+00
 1.80539177e+00 1.52402369e+00
 1.84069737e+00 1.49873578e+00
 1.99777847e+00 1.49479037e+00
 1.70140052e+00 1.52959425e+00
 1.76370957e+00 1.34015971e+00
 1.69713415e+00 1.18184954e+00
 1.69206979e+00 1.23003083e+00
 1.69389053e+00 1.26089465e+00
 1.67308375e+00 1.22206525e+00
 1.53940954e+00 1.24882250e+00
 1.53080958e+00 1.27791784e+00
 1.40228270e+00 1.27413124e+00
 1.31684225e+00 1.34274409e+00
 1.31157934e+00 1.34281467e+00
 1.22475034e+00 1.49853525e+00
 1.22353674e+00 1.50561565e+00
 1.23162675e+00 1.52210582e+00
 1.25863880e+00 1.56056852e+00
 1.36087579e+00 1.43729590e+00
 1.21866495e+00 1.65154726e+00
 1.22802294e+00 1.65297024e+00
 1.26841428e+00 1.68711500e+00
 1.28734905e+00 1.54947593e+00
 1.28894989e+00 1.54741645e+00
 1.36873224e+00 1.54111916e+00
 1.28382459e+00 1.47074229e+00
 1.44168564e+00 1.43871201e+00
 1.57398864e+00 1.43970656e+00
 1.54146184e+00 1.46721881e+00
 1.59592776e+00 1.41388434e+00
 1.58839471e+00 1.38923634e+00
 1.54356475e+00 1.43233261e+00
 1.54530466e+00 1.56177776e+00
 1.50929293e+00 1.36793421e+00
 1.47489210e+00 1.35871730e+00
 1.28543462e+00 1.33688762e+00
 1.30098620e+00 1.60360028e+00
 1.25716877e+00 1.52165279e+00
 1.17543326e+00 1.38327933e+00
 1.16891338e+00 1.35721642e+00
 1.18368969e+00 1.29969307e+00
 1.28080653e+00 1.23293117e+00
 1.26920407e+00 1.09908201e+00
 1.31055012e+00 1.10063713e+00
 1.26593706e+00 1.14035376e+00
 1.14538492e+00 1.21012698e+00
 1.13202574e+00 1.28966758e+00
 1.06897580e+00 1.45859572e+00
 1.16115914e+00 1.47752847e+00
 1.16049281e+00 1.19794975e+00
 1.17226102e+00 1.21646413e+00
 1.09710399e+00 9.72890958e-01
 1.13123621e+00 9.86486479e-01
 1.17075914e+00 1.00670287e+00
 1.17531728e+00 1.02693853e+00
 9.56481249e-01 9.19723525e-01
 1.15473329e+00 1.00678080e+00
 1.11122079e+00 1.08226471e+00
 1.23558027e+00 1.05835681e+00
 1.20730806e+00 1.04624062e+00
 9.95672570e-01 1.14802764e+00
 1.04255752e+00 1.07304574e+00
 1.10409363e+00 1.05873171e+00
 1.00339919e+00 9.69785442e-01
 1.05321185e+00 1.36348342e+00
 1.05335662e+00 1.35627414e+00
 1.04279021e+00 1.36610167e+00
 1.07438471e+00 1.28843318e+00
 1.10733463e+00 1.30346166e+00
 1.14965694e+00 1.39376493e+00
 1.21152666e+00 1.40598948e+00
 1.28421515e+00 1.39250573e+00
