 -5.00000000e-01 1.12500000e+00
 -4.70000000e-01 1.11045000e+00
 -4.40000000e-01 1.09680000e+00
 -4.10000000e-01 1.08405000e+00
 -3.80000000e-01 1.07220000e+00
 -3.50000000e-01 1.06125000e+00
 -3.20000000e-01 1.05120000e+00
 -2.90000000e-01 1.04205000e+00
 -2.60000000e-01 1.03380000e+00
 -2.30000000e-01 1.02645000e+00
 -2.00000000e-01 1.02000000e+00
 -1.70000000e-01 1.01445000e+00
 -1.40000000e-01 1.00980000e+00
 -1.10000000e-01 1.00605000e+00
 -8.00000000e-02 1.00320000e+00
 -5.00000000e-02 1.00125000e+00
 -2.00000000e-02 1.00020000e+00
 1.00000000e-02 1.00005000e+00
 4.00000000e-02 1.00080000e+00
 7.00000000e-02 1.00245000e+00
 1.00000000e-01 1.00500000e+00
 1.30000000e-01 1.00845000e+00
 1.60000000e-01 1.01280000e+00
 1.90000000e-01 1.01805000e+00
 2.20000000e-01 1.02420000e+00
 2.50000000e-01 1.03125000e+00
 2.80000000e-01 1.03920000e+00
 3.10000000e-01 1.04805000e+00
 3.40000000e-01 1.05780000e+00
 3.70000000e-01 1.06845000e+00
 4.00000000e-01 1.08000000e+00
 4.30000000e-01 1.09245000e+00
 4.60000000e-01 1.10580000e+00
 4.90000000e-01 1.12005000e+00
 5.20000000e-01 1.13520000e+00
 5.50000000e-01 1.15125000e+00
 5.80000000e-01 1.16820000e+00
 6.10000000e-01 1.18605000e+00
 6.40000000e-01 1.20480000e+00
 6.70000000e-01 1.22445000e+00
 7.00000000e-01 1.24500000e+00
 7.30000000e-01 1.26645000e+00
 7.60000000e-01 1.28880000e+00
 7.90000000e-01 1.31205000e+00
 8.20000000e-01 1.33620000e+00
 8.50000000e-01 1.36125000e+00
 8.80000000e-01 1.38720000e+00
 9.10000000e-01 1.41405000e+00
 9.40000000e-01 1.44180000e+00
 9.70000000e-01 1.47045000e+00
 1.00000000e+00 1.50000000e+00
 1.03000000e+00 1.53045000e+00
 1.06000000e+00 1.56180000e+00
 1.09000000e+00 1.59405000e+00
 1.12000000e+00 1.62720000e+00
 1.15000000e+00 1.66125000e+00
 1.18000000e+00 1.69620000e+00
 1.21000000e+00 1.73205000e+00
 1.24000000e+00 1.76880000e+00
 1.27000000e+00 1.80645000e+00
 1.30000000e+00 1.84500000e+00
 1.33000000e+00 1.88445000e+00
 1.36000000e+00 1.92480000e+00
 1.39000000e+00 1.96605000e+00
 1.42000000e+00 2.00820000e+00
 1.45000000e+00 2.05125000e+00
 1.48000000e+00 2.09520000e+00
 1.51000000e+00 2.14005000e+00
 1.54000000e+00 2.18580000e+00
 1.57000000e+00 2.23245000e+00
 1.60000000e+00 2.28000000e+00
 1.63000000e+00 2.32845000e+00
 1.66000000e+00 2.37780000e+00
 1.69000000e+00 2.42805000e+00
 1.72000000e+00 2.47920000e+00
 1.75000000e+00 2.53125000e+00
 1.78000000e+00 2.58420000e+00
 1.81000000e+00 2.63805000e+00
 1.84000000e+00 2.69280000e+00
 1.87000000e+00 2.74845000e+00
 1.90000000e+00 2.80500000e+00
 1.93000000e+00 2.86245000e+00
 1.96000000e+00 2.92080000e+00
 1.99000000e+00 2.98005000e+00
 2.02000000e+00 3.04020000e+00
 2.05000000e+00 3.10125000e+00
 2.08000000e+00 3.16320000e+00
 2.11000000e+00 3.22605000e+00
 2.14000000e+00 3.28980000e+00
 2.17000000e+00 3.35445000e+00
 2.20000000e+00 3.42000000e+00
 2.23000000e+00 3.48645000e+00
 2.26000000e+00 3.55380000e+00
 2.29000000e+00 3.62205000e+00
 2.32000000e+00 3.69120000e+00
 2.35000000e+00 3.76125000e+00
 2.38000000e+00 3.83220000e+00
 2.41000000e+00 3.90405000e+00
 2.44000000e+00 3.97680000e+00
 2.47000000e+00 4.05045000e+00
 2.50000000e+00 4.12500000e+00
