 4.40000000e+01 -8.85000000e+01 3.12000000e+01
 3.80000000e+01 -8.68000000e+01 3.29000000e+01
 3.50000000e+01 -1.12500000e+02 3.36000000e+01
 3.10000000e+01 -9.28000000e+01 3.54000000e+01
 4.70000000e+01 -1.18700000e+02 3.43000000e+01
 4.20000000e+01 -1.23000000e+02 3.84000000e+01
 1.50000000e+01 -1.05300000e+02 4.07000000e+01
 2.20000000e+01 -7.34000000e+01 4.17000000e+01
 2.60000000e+01 -7.63000000e+01 4.05000000e+01
 3.00000000e+01 -7.75000000e+01 3.97000000e+01
 4.50000000e+01 -8.23000000e+01 3.10000000e+01
 6.50000000e+01 -8.20000000e+01 2.50000000e+01
 5.80000000e+01 -8.07000000e+01 2.63000000e+01
 3.70000000e+01 -8.50000000e+01 3.39000000e+01
 2.20000000e+01 -1.17100000e+02 4.37000000e+01
 1.90000000e+01 -8.80000000e+01 4.23000000e+01
 2.10000000e+01 -8.69000000e+01 3.98000000e+01
 1.10000000e+01 -9.36000000e+01 4.18000000e+01
 2.20000000e+01 -9.76000000e+01 3.81000000e+01
 2.70000000e+01 -8.65000000e+01 3.90000000e+01
 4.50000000e+01 -9.02000000e+01 3.08000000e+01
 1.20000000e+01 -7.05000000e+01 4.42000000e+01
 2.50000000e+01 -7.73000000e+01 3.97000000e+01
 2.30000000e+01 -7.14000000e+01 4.27000000e+01
 2.10000000e+01 -8.39000000e+01 4.31000000e+01
 2.00000000e+00 -9.39000000e+01 4.59000000e+01
 2.40000000e+01 -9.05000000e+01 3.93000000e+01
 8.00000000e+00 -1.12400000e+02 4.71000000e+01
 1.30000000e+01 -9.61000000e+01 4.19000000e+01
 1.10000000e+01 -7.19000000e+01 4.35000000e+01
 2.70000000e+01 -7.53000000e+01 3.98000000e+01
 2.40000000e+01 -1.06700000e+02 3.51000000e+01
 1.40000000e+01 -7.37000000e+01 4.26000000e+01
 2.70000000e+01 -7.46000000e+01 4.08000000e+01
 3.40000000e+01 -8.15000000e+01 3.59000000e+01
 3.10000000e+01 -7.89000000e+01 3.64000000e+01
 0.00000000e+00 -1.01000000e+02 4.71000000e+01
 2.60000000e+01 -8.50000000e+01 3.92000000e+01
 2.10000000e+01 -8.25000000e+01 4.23000000e+01
 2.80000000e+01 -9.75000000e+01 3.59000000e+01
 3.30000000e+01 -1.23200000e+02 4.56000000e+01
 2.40000000e+01 -7.78000000e+01 4.09000000e+01
 2.40000000e+01 -7.55000000e+01 4.09000000e+01
 3.80000000e+01 -8.08000000e+01 3.33000000e+01
 3.10000000e+01 -8.76000000e+01 3.67000000e+01
 2.40000000e+01 -1.01900000e+02 3.56000000e+01
 4.90000000e+01 -9.55000000e+01 2.94000000e+01
 4.40000000e+01 -9.59000000e+01 3.01000000e+01
 1.80000000e+01 -1.12300000e+02 4.11000000e+01
 7.00000000e+00 -7.39000000e+01 4.50000000e+01
 3.20000000e+01 -7.66000000e+01 3.70000000e+01
 3.30000000e+01 -1.22500000e+02 4.81000000e+01
 1.90000000e+01 -1.17900000e+02 4.81000000e+01
 9.00000000e+00 -9.02000000e+01 4.34000000e+01
 1.30000000e+01 -8.81000000e+01 4.33000000e+01
 1.40000000e+01 -1.04900000e+02 4.12000000e+01
