1.00e+02 1.00e+02 1.01e+02 1.01e+02 1.01e+02 1.01e+02 1.01e+02 1.00e+02 1.00e+02 1.00e+02 1.01e+02 1.01e+02 1.02e+02 1.02e+02 1.02e+02 1.02e+02 1.03e+02 1.04e+02 1.03e+02 1.02e+02 1.01e+02 1.01e+02 1.02e+02 1.03e+02 1.04e+02 1.04e+02 1.05e+02 1.07e+02 1.07e+02 1.07e+02 1.08e+02 1.08e+02 1.10e+02 1.10e+02 1.10e+02 1.10e+02 1.10e+02 1.10e+02 1.10e+02 1.10e+02 1.08e+02 1.08e+02 1.08e+02 1.07e+02 1.07e+02 1.08e+02 1.08e+02 1.08e+02 1.08e+02 1.08e+02 1.07e+02 1.07e+02 1.07e+02 1.07e+02 1.06e+02 1.06e+02 1.05e+02 1.05e+02 1.04e+02 1.04e+02 1.03e+02
1.01e+02 1.01e+02 1.02e+02 1.02e+02 1.02e+02 1.02e+02 1.02e+02 1.01e+02 1.01e+02 1.01e+02 1.02e+02 1.02e+02 1.03e+02 1.03e+02 1.03e+02 1.03e+02 1.04e+02 1.05e+02 1.04e+02 1.03e+02 1.02e+02 1.02e+02 1.03e+02 1.05e+02 1.06e+02 1.06e+02 1.07e+02 1.09e+02 1.10e+02 1.10e+02 1.10e+02 1.10e+02 1.11e+02 1.12e+02 1.13e+02 1.14e+02 1.16e+02 1.15e+02 1.14e+02 1.12e+02 1.10e+02 1.10e+02 1.10e+02 1.09e+02 1.08e+02 1.09e+02 1.09e+02 1.09e+02 1.09e+02 1.08e+02 1.08e+02 1.08e+02 1.08e+02 1.07e+02 1.07e+02 1.06e+02 1.06e+02 1.05e+02 1.05e+02 1.04e+02 1.04e+02
1.02e+02 1.02e+02 1.03e+02 1.03e+02 1.03e+02 1.03e+02 1.03e+02 1.02e+02 1.02e+02 1.02e+02 1.03e+02 1.03e+02 1.04e+02 1.04e+02 1.04e+02 1.04e+02 1.05e+02 1.06e+02 1.05e+02 1.04e+02 1.04e+02 1.05e+02 1.06e+02 1.07e+02 1.08e+02 1.10e+02 1.11e+02 1.13e+02 1.14e+02 1.15e+02 1.14e+02 1.15e+02 1.16e+02 1.18e+02 1.19e+02 1.19e+02 1.21e+02 1.21e+02 1.20e+02 1.18e+02 1.16e+02 1.14e+02 1.12e+02 1.11e+02 1.10e+02 1.10e+02 1.10e+02 1.10e+02 1.09e+02 1.09e+02 1.09e+02 1.09e+02 1.08e+02 1.08e+02 1.07e+02 1.07e+02 1.06e+02 1.06e+02 1.05e+02 1.05e+02 1.04e+02
1.03e+02 1.03e+02 1.04e+02 1.04e+02 1.04e+02 1.04e+02 1.04e+02 1.03e+02 1.03e+02 1.03e+02 1.03e+02 1.04e+02 1.04e+02 1.04e+02 1.05e+02 1.05e+02 1.06e+02 1.07e+02 1.06e+02 1.06e+02 1.06e+02 1.07e+02 1.08e+02 1.10e+02 1.11e+02 1.14e+02 1.17e+02 1.18e+02 1.17e+02 1.19e+02 1.20e+02 1.21e+02 1.22e+02 1.24e+02 1.25e+02 1.26e+02 1.27e+02 1.27e+02 1.26e+02 1.24e+02 1.22e+02 1.20e+02 1.17e+02 1.16e+02 1.13e+02 1.11e+02 1.10e+02 1.10e+02 1.10e+02 1.09e+02 1.09e+02 1.09e+02 1.09e+02 1.08e+02 1.08e+02 1.07e+02 1.07e+02 1.06e+02 1.06e+02 1.05e+02 1.05e+02
1.04e+02 1.04e+02 1.05e+02 1.05e+02 1.05e+02 1.05e+02 1.05e+02 1.04e+02 1.04e+02 1.03e+02 1.04e+02 1.04e+02 1.05e+02 1.05e+02 1.05e+02 1.06e+02 1.07e+02 1.08e+02 1.08e+02 1.08e+02 1.09e+02 1.10e+02 1.12e+02 1.14e+02 1.15e+02 1.18e+02 1.21e+02 1.22e+02 1.21e+02 1.23e+02 1.28e+02 1.31e+02 1.29e+02 1.30e+02 1.31e+02 1.31e+02 1.32e+02 1.32e+02 1.31e+02 1.30e+02 1.28e+02 1.26e+02 1.22e+02 1.19e+02 1.15e+02 1.14e+02 1.12e+02 1.10e+02 1.10e+02 1.10e+02 1.10e+02 1.10e+02 1.09e+02 1.09e+02 1.08e+02 1.07e+02 1.07e+02 1.07e+02 1.06e+02 1.06e+02 1.05e+02
1.05e+02 1.05e+02 1.05e+02 1.06e+02 1.06e+02 1.06e+02 1.06e+02 1.05e+02 1.05e+02 1.04e+02 1.04e+02 1.05e+02 1.05e+02 1.06e+02 1.06e+02 1.07e+02 1.09e+02 1.10e+02 1.10e+02 1.12e+02 1.13e+02 1.15e+02 1.16e+02 1.18e+02 1.19e+02 1.21e+02 1.24e+02 1.26e+02 1.26e+02 1.29e+02 1.34e+02 1.37e+02 1.37e+02 1.36e+02 1.36e+02 1.35e+02 1.36e+02 1.36e+02 1.36e+02 1.35e+02 1.33e+02 1.29e+02 1.26e+02 1.22e+02 1.18e+02 1.16e+02 1.15e+02 1.13e+02 1.11e+02 1.10e+02 1.10e+02 1.10e+02 1.10e+02 1.09e+02 1.08e+02 1.08e+02 1.08e+02 1.07e+02 1.07e+02 1.06e+02 1.06e+02
1.05e+02 1.06e+02 1.06e+02 1.07e+02 1.07e+02 1.07e+02 1.07e+02 1.06e+02 1.06e+02 1.05e+02 1.05e+02 1.06e+02 1.06e+02 1.07e+02 1.08e+02 1.09e+02 1.11e+02 1.13e+02 1.14e+02 1.16e+02 1.18e+02 1.20e+02 1.21e+02 1.22e+02 1.23e+02 1.25e+02 1.27e+02 1.29e+02 1.30e+02 1.35e+02 1.40e+02 1.42e+02 1.42e+02 1.42e+02 1.41e+02 1.40e+02 1.40e+02 1.40e+02 1.40e+02 1.39e+02 1.37e+02 1.34e+02 1.29e+02 1.25e+02 1.21e+02 1.18e+02 1.16e+02 1.14e+02 1.12e+02 1.10e+02 1.10e+02 1.10e+02 1.11e+02 1.10e+02 1.09e+02 1.09e+02 1.08e+02 1.08e+02 1.07e+02 1.07e+02 1.06e+02
1.06e+02 1.07e+02 1.07e+02 1.08e+02 1.08e+02 1.08e+02 1.08e+02 1.07e+02 1.07e+02 1.06e+02 1.06e+02 1.07e+02 1.08e+02 1.08e+02 1.10e+02 1.13e+02 1.15e+02 1.17e+02 1.18e+02 1.20e+02 1.22e+02 1.24e+02 1.25e+02 1.27e+02 1.28e+02 1.29e+02 1.31e+02 1.34e+02 1.35e+02 1.41e+02 1.46e+02 1.47e+02 1.46e+02 1.46e+02 1.45e+02 1.44e+02 1.44e+02 1.44e+02 1.43e+02 1.42e+02 1.41e+02 1.39e+02 1.35e+02 1.30e+02 1.26e+02 1.22e+02 1.18e+02 1.16e+02 1.14e+02 1.12e+02 1.12e+02 1.13e+02 1.12e+02 1.10e+02 1.10e+02 1.09e+02 1.09e+02 1.08e+02 1.08e+02 1.07e+02 1.06e+02
1.07e+02 1.08e+02 1.08e+02 1.09e+02 1.09e+02 1.09e+02 1.09e+02 1.08e+02 1.08e+02 1.07e+02 1.08e+02 1.08e+02 1.10e+02 1.11e+02 1.13e+02 1.16e+02 1.18e+02 1.20e+02 1.23e+02 1.25e+02 1.27e+02 1.29e+02 1.30e+02 1.32e+02 1.34e+02 1.35e+02 1.37e+02 1.39e+02 1.42e+02 1.46e+02 1.52e+02 1.52e+02 1.51e+02 1.51e+02 1.50e+02 1.49e+02 1.48e+02 1.48e+02 1.46e+02 1.45e+02 1.43e+02 1.42e+02 1.39e+02 1.35e+02 1.31e+02 1.27e+02 1.22e+02 1.19e+02 1.17e+02 1.15e+02 1.15e+02 1.15e+02 1.14e+02 1.12e+02 1.10e+02 1.10e+02 1.09e+02 1.09e+02 1.08e+02 1.07e+02 1.07e+02
1.08e+02 1.09e+02 1.09e+02 1.10e+02 1.10e+02 1.10e+02 1.10e+02 1.09e+02 1.09e+02 1.08e+02 1.10e+02 1.10e+02 1.13e+02 1.16e+02 1.18e+02 1.20e+02 1.22e+02 1.25e+02 1.27e+02 1.29e+02 1.33e+02 1.36e+02 1.38e+02 1.40e+02 1.41e+02 1.42e+02 1.48e+02 1.50e+02 1.51e+02 1.56e+02 1.58e+02 1.59e+02 1.58e+02 1.57e+02 1.58e+02 1.58e+02 1.54e+02 1.51e+02 1.49e+02 1.48e+02 1.46e+02 1.44e+02 1.41e+02 1.37e+02 1.34e+02 1.30e+02 1.25e+02 1.22e+02 1.20e+02 1.18e+02 1.17e+02 1.17e+02 1.15e+02 1.13e+02 1.11e+02 1.10e+02 1.10e+02 1.09e+02 1.08e+02 1.07e+02 1.07e+02
1.09e+02 1.10e+02 1.10e+02 1.11e+02 1.11e+02 1.11e+02 1.11e+02 1.10e+02 1.10e+02 1.10e+02 1.12e+02 1.14e+02 1.18e+02 1.21e+02 1.23e+02 1.25e+02 1.27e+02 1.29e+02 1.33e+02 1.37e+02 1.41e+02 1.43e+02 1.45e+02 1.46e+02 1.48e+02 1.50e+02 1.54e+02 1.56e+02 1.59e+02 1.61e+02 1.62e+02 1.63e+02 1.64e+02 1.63e+02 1.64e+02 1.64e+02 1.60e+02 1.57e+02 1.54e+02 1.51e+02 1.49e+02 1.46e+02 1.44e+02 1.40e+02 1.37e+02 1.33e+02 1.29e+02 1.26e+02 1.24e+02 1.21e+02 1.19e+02 1.18e+02 1.16e+02 1.14e+02 1.12e+02 1.11e+02 1.10e+02 1.09e+02 1.08e+02 1.07e+02 1.06e+02
1.10e+02 1.10e+02 1.11e+02 1.13e+02 1.12e+02 1.11e+02 1.13e+02 1.12e+02 1.12e+02 1.14e+02 1.16e+02 1.19e+02 1.21e+02 1.24e+02 1.27e+02 1.29e+02 1.33e+02 1.38e+02 1.43e+02 1.46e+02 1.49e+02 1.49e+02 1.51e+02 1.53e+02 1.54e+02 1.57e+02 1.59e+02 1.60e+02 1.63e+02 1.65e+02 1.66e+02 1.67e+02 1.68e+02 1.68e+02 1.68e+02 1.68e+02 1.66e+02 1.62e+02 1.59e+02 1.57e+02 1.54e+02 1.52e+02 1.49e+02 1.44e+02 1.40e+02 1.36e+02 1.33e+02 1.31e+02 1.28e+02 1.25e+02 1.22e+02 1.19e+02 1.17e+02 1.15e+02 1.13e+02 1.11e+02 1.10e+02 1.09e+02 1.08e+02 1.07e+02 1.06e+02
1.10e+02 1.11e+02 1.13e+02 1.15e+02 1.14e+02 1.13e+02 1.14e+02 1.14e+02 1.15e+02 1.17e+02 1.19e+02 1.21e+02 1.24e+02 1.26e+02 1.29e+02 1.33e+02 1.40e+02 1.45e+02 1.50e+02 1.54e+02 1.55e+02 1.55e+02 1.57e+02 1.59e+02 1.61e+02 1.62e+02 1.64e+02 1.65e+02 1.67e+02 1.68e+02 1.69e+02 1.70e+02 1.72e+02 1.74e+02 1.72e+02 1.72e+02 1.71e+02 1.69e+02 1.66e+02 1.63e+02 1.61e+02 1.58e+02 1.53e+02 1.48e+02 1.43e+02 1.40e+02 1.37e+02 1.34e+02 1.31e+02 1.28e+02 1.25e+02 1.20e+02 1.18e+02 1.16e+02 1.14e+02 1.12e+02 1.10e+02 1.09e+02 1.08e+02 1.07e+02 1.05e+02
1.11e+02 1.13e+02 1.15e+02 1.17e+02 1.16e+02 1.15e+02 1.16e+02 1.17e+02 1.17e+02 1.19e+02 1.21e+02 1.24e+02 1.26e+02 1.28e+02 1.32e+02 1.37e+02 1.43e+02 1.51e+02 1.56e+02 1.61e+02 1.61e+02 1.62e+02 1.63e+02 1.65e+02 1.66e+02 1.67e+02 1.68e+02 1.70e+02 1.71e+02 1.73e+02 1.75e+02 1.77e+02 1.79e+02 1.78e+02 1.77e+02 1.76e+02 1.76e+02 1.74e+02 1.71e+02 1.69e+02 1.65e+02 1.61e+02 1.56e+02 1.52e+02 1.48e+02 1.44e+02 1.40e+02 1.38e+02 1.35e+02 1.31e+02 1.27e+02 1.23e+02 1.19e+02 1.17e+02 1.15e+02 1.13e+02 1.11e+02 1.10e+02 1.08e+02 1.06e+02 1.05e+02
1.14e+02 1.15e+02 1.17e+02 1.17e+02 1.17e+02 1.18e+02 1.19e+02 1.19e+02 1.20e+02 1.21e+02 1.24e+02 1.26e+02 1.28e+02 1.31e+02 1.37e+02 1.43e+02 1.50e+02 1.56e+02 1.60e+02 1.63e+02 1.65e+02 1.68e+02 1.70e+02 1.71e+02 1.72e+02 1.73e+02 1.74e+02 1.75e+02 1.77e+02 1.79e+02 1.80e+02 1.82e+02 1.83e+02 1.83e+02 1.83e+02 1.83e+02 1.80e+02 1.78e+02 1.77e+02 1.72e+02 1.68e+02 1.64e+02 1.60e+02 1.56e+02 1.52e+02 1.48e+02 1.44e+02 1.41e+02 1.38e+02 1.34e+02 1.30e+02 1.26e+02 1.21e+02 1.17e+02 1.14e+02 1.12e+02 1.10e+02 1.10e+02 1.08e+02 1.06e+02 1.04e+02
1.16e+02 1.18e+02 1.18e+02 1.18e+02 1.20e+02 1.21e+02 1.21e+02 1.22e+02 1.22e+02 1.23e+02 1.25e+02 1.28e+02 1.30e+02 1.34e+02 1.41e+02 1.47e+02 1.52e+02 1.56e+02 1.60e+02 1.65e+02 1.68e+02 1.70e+02 1.74e+02 1.76e+02 1.79e+02 1.80e+02 1.81e+02 1.81e+02 1.82e+02 1.82e+02 1.83e+02 1.84e+02 1.86e+02 1.87e+02 1.87e+02 1.84e+02 1.84e+02 1.81e+02 1.80e+02 1.76e+02 1.72e+02 1.68e+02 1.65e+02 1.61e+02 1.57e+02 1.53e+02 1.49e+02 1.45e+02 1.42e+02 1.38e+02 1.33e+02 1.29e+02 1.25e+02 1.20e+02 1.15e+02 1.11e+02 1.10e+02 1.10e+02 1.08e+02 1.06e+02 1.04e+02
1.18e+02 1.20e+02 1.20e+02 1.21e+02 1.22e+02 1.23e+02 1.24e+02 1.24e+02 1.25e+02 1.26e+02 1.27e+02 1.29e+02 1.32e+02 1.35e+02 1.42e+02 1.49e+02 1.53e+02 1.57e+02 1.61e+02 1.66e+02 1.70e+02 1.74e+02 1.78e+02 1.80e+02 1.82e+02 1.83e+02 1.84e+02 1.84e+02 1.85e+02 1.86e+02 1.86e+02 1.87e+02 1.89e+02 1.89e+02 1.89e+02 1.89e+02 1.89e+02 1.86e+02 1.82e+02 1.79e+02 1.75e+02 1.71e+02 1.68e+02 1.65e+02 1.62e+02 1.57e+02 1.52e+02 1.49e+02 1.45e+02 1.41e+02 1.37e+02 1.31e+02 1.25e+02 1.20e+02 1.16e+02 1.11e+02 1.10e+02 1.10e+02 1.08e+02 1.06e+02 1.04e+02
1.20e+02 1.21e+02 1.22e+02 1.23e+02 1.24e+02 1.25e+02 1.26e+02 1.27e+02 1.27e+02 1.28e+02 1.30e+02 1.32e+02 1.34e+02 1.37e+02 1.42e+02 1.51e+02 1.55e+02 1.58e+02 1.62e+02 1.69e+02 1.72e+02 1.76e+02 1.81e+02 1.83e+02 1.84e+02 1.86e+02 1.87e+02 1.88e+02 1.89e+02 1.89e+02 1.89e+02 1.89e+02 1.90e+02 1.90e+02 1.91e+02 1.90e+02 1.90e+02 1.88e+02 1.86e+02 1.83e+02 1.80e+02 1.75e+02 1.71e+02 1.68e+02 1.65e+02 1.61e+02 1.57e+02 1.52e+02 1.49e+02 1.45e+02 1.41e+02 1.34e+02 1.27e+02 1.21e+02 1.16e+02 1.12e+02 1.10e+02 1.10e+02 1.08e+02 1.06e+02 1.04e+02
1.20e+02 1.22e+02 1.25e+02 1.26e+02 1.26e+02 1.27e+02 1.28e+02 1.29e+02 1.30e+02 1.30e+02 1.32e+02 1.34e+02 1.36e+02 1.39e+02 1.45e+02 1.52e+02 1.57e+02 1.60e+02 1.67e+02 1.72e+02 1.75e+02 1.78e+02 1.81e+02 1.85e+02 1.86e+02 1.88e+02 1.90e+02 1.91e+02 1.92e+02 1.93e+02 1.93e+02 1.92e+02 1.92e+02 1.91e+02 1.92e+02 1.91e+02 1.91e+02 1.90e+02 1.90e+02 1.87e+02 1.84e+02 1.81e+02 1.77e+02 1.72e+02 1.69e+02 1.65e+02 1.61e+02 1.56e+02 1.52e+02 1.47e+02 1.43e+02 1.39e+02 1.31e+02 1.23e+02 1.19e+02 1.15e+02 1.11e+02 1.10e+02 1.08e+02 1.06e+02 1.05e+02
1.21e+02 1.24e+02 1.26e+02 1.28e+02 1.29e+02 1.29e+02 1.30e+02 1.31e+02 1.32e+02 1.33e+02 1.35e+02 1.37e+02 1.39e+02 1.43e+02 1.50e+02 1.54e+02 1.59e+02 1.64e+02 1.70e+02 1.73e+02 1.76e+02 1.79e+02 1.84e+02 1.86e+02 1.89e+02 1.90e+02 1.91e+02 1.92e+02 1.93e+02 1.94e+02 1.95e+02 1.94e+02 1.93e+02 1.92e+02 1.91e+02 1.91e+02 1.91e+02 1.91e+02 1.90e+02 1.90e+02 1.88e+02 1.84e+02 1.81e+02 1.77e+02 1.73e+02 1.69e+02 1.65e+02 1.60e+02 1.55e+02 1.49e+02 1.45e+02 1.42e+02 1.36e+02 1.29e+02 1.23e+02 1.18e+02 1.14e+02 1.10e+02 1.08e+02 1.08e+02 1.07e+02
1.22e+02 1.25e+02 1.27e+02 1.30e+02 1.30e+02 1.31e+02 1.33e+02 1.34e+02 1.35e+02 1.36e+02 1.37e+02 1.40e+02 1.43e+02 1.47e+02 1.54e+02 1.58e+02 1.62e+02 1.66e+02 1.71e+02 1.74e+02 1.77e+02 1.81e+02 1.86e+02 1.89e+02 1.90e+02 1.90e+02 1.91e+02 1.92e+02 1.91e+02 1.91e+02 1.90e+02 1.89e+02 1.88e+02 1.89e+02 1.90e+02 1.90e+02 1.91e+02 1.90e+02 1.90e+02 1.90e+02 1.89e+02 1.86e+02 1.84e+02 1.81e+02 1.77e+02 1.73e+02 1.69e+02 1.64e+02 1.58e+02 1.52e+02 1.48e+02 1.44e+02 1.40e+02 1.34e+02 1.25e+02 1.18e+02 1.15e+02 1.11e+02 1.10e+02 1.08e+02 1.07e+02
1.22e+02 1.25e+02 1.28e+02 1.30e+02 1.32e+02 1.33e+02 1.35e+02 1.36e+02 1.37e+02 1.39e+02 1.40e+02 1.43e+02 1.47e+02 1.52e+02 1.57e+02 1.61e+02 1.64e+02 1.68e+02 1.72e+02 1.75e+02 1.79e+02 1.82e+02 1.86e+02 1.90e+02 1.90e+02 1.90e+02 1.90e+02 1.89e+02 1.87e+02 1.84e+02 1.84e+02 1.83e+02 1.82e+02 1.82e+02 1.83e+02 1.83e+02 1.83e+02 1.84e+02 1.85e+02 1.86e+02 1.87e+02 1.86e+02 1.85e+02 1.84e+02 1.81e+02 1.77e+02 1.73e+02 1.69e+02 1.63e+02 1.57e+02 1.49e+02 1.45e+02 1.41e+02 1.36e+02 1.30e+02 1.19e+02 1.16e+02 1.12e+02 1.10e+02 1.08e+02 1.06e+02
1.23e+02 1.26e+02 1.29e+02 1.31e+02 1.33e+02 1.35e+02 1.37e+02 1.38e+02 1.39e+02 1.41e+02 1.43e+02 1.47e+02 1.50e+02 1.56e+02 1.61e+02 1.64e+02 1.67e+02 1.70e+02 1.73e+02 1.77e+02 1.81e+02 1.84e+02 1.87e+02 1.88e+02 1.90e+02 1.89e+02 1.87e+02 1.85e+02 1.83e+02 1.79e+02 1.76e+02 1.74e+02 1.74e+02 1.74e+02 1.74e+02 1.74e+02 1.76e+02 1.77e+02 1.79e+02 1.80e+02 1.82e+02 1.83e+02 1.82e+02 1.81e+02 1.81e+02 1.80e+02 1.76e+02 1.71e+02 1.66e+02 1.60e+02 1.52e+02 1.47e+02 1.42e+02 1.38e+02 1.33e+02 1.26e+02 1.21e+02 1.15e+02 1.10e+02 1.06e+02 1.05e+02
1.24e+02 1.27e+02 1.30e+02 1.32e+02 1.35e+02 1.37e+02 1.38e+02 1.40e+02 1.42e+02 1.44e+02 1.47e+02 1.49e+02 1.54e+02 1.57e+02 1.61e+02 1.65e+02 1.68e+02 1.71e+02 1.75e+02 1.78e+02 1.81e+02 1.84e+02 1.86e+02 1.87e+02 1.87e+02 1.84e+02 1.84e+02 1.81e+02 1.79e+02 1.75e+02 1.71e+02 1.69e+02 1.68e+02 1.68e+02 1.68e+02 1.69e+02 1.70e+02 1.72e+02 1.74e+02 1.77e+02 1.78e+02 1.79e+02 1.80e+02 1.81e+02 1.81e+02 1.80e+02 1.79e+02 1.74e+02 1.67e+02 1.61e+02 1.55e+02 1.48e+02 1.44e+02 1.39e+02 1.34e+02 1.28e+02 1.21e+02 1.15e+02 1.10e+02 1.06e+02 1.05e+02
1.23e+02 1.28e+02 1.31e+02 1.33e+02 1.36e+02 1.38e+02 1.40e+02 1.42e+02 1.44e+02 1.46e+02 1.49e+02 1.51e+02 1.54e+02 1.57e+02 1.60e+02 1.64e+02 1.68e+02 1.72e+02 1.75e+02 1.78e+02 1.81e+02 1.83e+02 1.84e+02 1.84e+02 1.85e+02 1.83e+02 1.80e+02 1.77e+02 1.74e+02 1.70e+02 1.67e+02 1.65e+02 1.64e+02 1.64e+02 1.64e+02 1.65e+02 1.66e+02 1.68e+02 1.71e+02 1.75e+02 1.76e+02 1.78e+02 1.80e+02 1.81e+02 1.80e+02 1.80e+02 1.79e+02 1.77e+02 1.70e+02 1.63e+02 1.57e+02 1.50e+02 1.44e+02 1.39e+02 1.34e+02 1.28e+02 1.21e+02 1.15e+02 1.10e+02 1.08e+02 1.07e+02
1.23e+02 1.27e+02 1.31e+02 1.34e+02 1.36e+02 1.38e+02 1.40e+02 1.42e+02 1.44e+02 1.47e+02 1.49e+02 1.51e+02 1.54e+02 1.57e+02 1.60e+02 1.64e+02 1.68e+02 1.71e+02 1.74e+02 1.78e+02 1.80e+02 1.81e+02 1.81e+02 1.82e+02 1.83e+02 1.81e+02 1.78e+02 1.73e+02 1.69e+02 1.66e+02 1.63e+02 1.61e+02 1.61e+02 1.60e+02 1.60e+02 1.61e+02 1.63e+02 1.65e+02 1.68e+02 1.73e+02 1.76e+02 1.78e+02 1.79e+02 1.80e+02 1.81e+02 1.80e+02 1.80e+02 1.75e+02 1.73e+02 1.66e+02 1.59e+02 1.52e+02 1.45e+02 1.39e+02 1.34e+02 1.27e+02 1.21e+02 1.15e+02 1.10e+02 1.09e+02 1.08e+02
1.20e+02 1.24e+02 1.28e+02 1.31e+02 1.34e+02 1.37e+02 1.39e+02 1.42e+02 1.44e+02 1.46e+02 1.49e+02 1.51e+02 1.53e+02 1.56e+02 1.60e+02 1.63e+02 1.67e+02 1.71e+02 1.74e+02 1.78e+02 1.80e+02 1.80e+02 1.80e+02 1.80e+02 1.80e+02 1.80e+02 1.75e+02 1.71e+02 1.67e+02 1.62e+02 1.60e+02 1.58e+02 1.57e+02 1.57e+02 1.57e+02 1.58e+02 1.59e+02 1.62e+02 1.66e+02 1.70e+02 1.75e+02 1.77e+02 1.78e+02 1.80e+02 1.81e+02 1.81e+02 1.80e+02 1.78e+02 1.75e+02 1.69e+02 1.60e+02 1.54e+02 1.48e+02 1.40e+02 1.34e+02 1.28e+02 1.21e+02 1.15e+02 1.10e+02 1.10e+02 1.09e+02
1.18e+02 1.21e+02 1.25e+02 1.29e+02 1.32e+02 1.34e+02 1.37e+02 1.40e+02 1.42e+02 1.45e+02 1.47e+02 1.49e+02 1.51e+02 1.55e+02 1.59e+02 1.63e+02 1.66e+02 1.69e+02 1.73e+02 1.77e+02 1.79e+02 1.80e+02 1.80e+02 1.80e+02 1.80e+02 1.79e+02 1.74e+02 1.69e+02 1.66e+02 1.61e+02 1.58e+02 1.56e+02 1.54e+02 1.53e+02 1.53e+02 1.54e+02 1.56e+02 1.59e+02 1.63e+02 1.69e+02 1.73e+02 1.75e+02 1.78e+02 1.80e+02 1.81e+02 1.80e+02 1.80e+02 1.79e+02 1.75e+02 1.70e+02 1.60e+02 1.54e+02 1.49e+02 1.42e+02 1.35e+02 1.28e+02 1.22e+02 1.16e+02 1.11e+02 1.10e+02 1.10e+02
1.17e+02 1.20e+02 1.21e+02 1.25e+02 1.29e+02 1.32e+02 1.35e+02 1.38e+02 1.40e+02 1.43e+02 1.45e+02 1.47e+02 1.49e+02 1.53e+02 1.57e+02 1.60e+02 1.63e+02 1.66e+02 1.71e+02 1.74e+02 1.77e+02 1.79e+02 1.80e+02 1.80e+02 1.80e+02 1.79e+02 1.72e+02 1.68e+02 1.64e+02 1.60e+02 1.57e+02 1.54e+02 1.51e+02 1.49e+02 1.50e+02 1.50e+02 1.54e+02 1.58e+02 1.64e+02 1.69e+02 1.74e+02 1.78e+02 1.80e+02 1.80e+02 1.80e+02 1.80e+02 1.78e+02 1.77e+02 1.75e+02 1.70e+02 1.61e+02 1.53e+02 1.48e+02 1.42e+02 1.35e+02 1.29e+02 1.23e+02 1.16e+02 1.13e+02 1.12e+02 1.10e+02
1.15e+02 1.18e+02 1.20e+02 1.22e+02 1.26e+02 1.30e+02 1.33e+02 1.36e+02 1.38e+02 1.41e+02 1.43e+02 1.45e+02 1.48e+02 1.51e+02 1.54e+02 1.57e+02 1.60e+02 1.63e+02 1.68e+02 1.71e+02 1.74e+02 1.77e+02 1.79e+02 1.79e+02 1.79e+02 1.76e+02 1.71e+02 1.67e+02 1.64e+02 1.60e+02 1.56e+02 1.53e+02 1.49e+02 1.48e+02 1.49e+02 1.51e+02 1.55e+02 1.58e+02 1.63e+02 1.70e+02 1.73e+02 1.77e+02 1.79e+02 1.80e+02 1.80e+02 1.80e+02 1.78e+02 1.75e+02 1.73e+02 1.71e+02 1.62e+02 1.54e+02 1.47e+02 1.41e+02 1.36e+02 1.30e+02 1.24e+02 1.17e+02 1.15e+02 1.12e+02 1.10e+02
1.14e+02 1.16e+02 1.18e+02 1.20e+02 1.22e+02 1.27e+02 1.31e+02 1.33e+02 1.36e+02 1.38e+02 1.41e+02 1.43e+02 1.46e+02 1.48e+02 1.51e+02 1.54e+02 1.57e+02 1.60e+02 1.64e+02 1.68e+02 1.71e+02 1.74e+02 1.78e+02 1.78e+02 1.79e+02 1.77e+02 1.73e+02 1.69e+02 1.65e+02 1.61e+02 1.57e+02 1.54e+02 1.51e+02 1.49e+02 1.50e+02 1.52e+02 1.55e+02 1.59e+02 1.66e+02 1.71e+02 1.75e+02 1.77e+02 1.79e+02 1.80e+02 1.80e+02 1.79e+02 1.76e+02 1.74e+02 1.71e+02 1.68e+02 1.59e+02 1.51e+02 1.46e+02 1.41e+02 1.35e+02 1.29e+02 1.24e+02 1.19e+02 1.16e+02 1.13e+02 1.10e+02
1.15e+02 1.14e+02 1.16e+02 1.18e+02 1.20e+02 1.22e+02 1.27e+02 1.29e+02 1.32e+02 1.36e+02 1.39e+02 1.41e+02 1.43e+02 1.46e+02 1.48e+02 1.51e+02 1.53e+02 1.56e+02 1.60e+02 1.64e+02 1.67e+02 1.72e+02 1.74e+02 1.76e+02 1.77e+02 1.76e+02 1.73e+02 1.70e+02 1.66e+02 1.62e+02 1.59e+02 1.57e+02 1.54e+02 1.53e+02 1.54e+02 1.55e+02 1.58e+02 1.61e+02 1.69e+02 1.72e+02 1.74e+02 1.76e+02 1.78e+02 1.78e+02 1.78e+02 1.78e+02 1.75e+02 1.72e+02 1.69e+02 1.62e+02 1.56e+02 1.49e+02 1.44e+02 1.40e+02 1.34e+02 1.28e+02 1.23e+02 1.18e+02 1.15e+02 1.12e+02 1.10e+02
1.13e+02 1.13e+02 1.14e+02 1.16e+02 1.18e+02 1.20e+02 1.22e+02 1.25e+02 1.29e+02 1.33e+02 1.36e+02 1.38e+02 1.41e+02 1.43e+02 1.46e+02 1.49e+02 1.50e+02 1.53e+02 1.56e+02 1.60e+02 1.65e+02 1.70e+02 1.73e+02 1.76e+02 1.76e+02 1.76e+02 1.73e+02 1.72e+02 1.69e+02 1.65e+02 1.63e+02 1.60e+02 1.58e+02 1.57e+02 1.58e+02 1.59e+02 1.61e+02 1.66e+02 1.70e+02 1.70e+02 1.73e+02 1.75e+02 1.76e+02 1.78e+02 1.76e+02 1.73e+02 1.71e+02 1.68e+02 1.64e+02 1.58e+02 1.53e+02 1.46e+02 1.40e+02 1.37e+02 1.32e+02 1.27e+02 1.21e+02 1.17e+02 1.13e+02 1.11e+02 1.10e+02
1.11e+02 1.12e+02 1.13e+02 1.14e+02 1.16e+02 1.18e+02 1.20e+02 1.22e+02 1.26e+02 1.30e+02 1.33e+02 1.36e+02 1.39e+02 1.42e+02 1.45e+02 1.47e+02 1.48e+02 1.51e+02 1.55e+02 1.58e+02 1.63e+02 1.68e+02 1.73e+02 1.76e+02 1.77e+02 1.77e+02 1.76e+02 1.74e+02 1.71e+02 1.69e+02 1.66e+02 1.64e+02 1.61e+02 1.61e+02 1.62e+02 1.64e+02 1.65e+02 1.67e+02 1.70e+02 1.70e+02 1.71e+02 1.73e+02 1.73e+02 1.73e+02 1.70e+02 1.68e+02 1.65e+02 1.63e+02 1.60e+02 1.55e+02 1.49e+02 1.43e+02 1.38e+02 1.34e+02 1.30e+02 1.25e+02 1.19e+02 1.16e+02 1.12e+02 1.10e+02 1.09e+02
1.10e+02 1.12e+02 1.13e+02 1.13e+02 1.14e+02 1.16e+02 1.18e+02 1.20e+02 1.23e+02 1.27e+02 1.31e+02 1.34e+02 1.37e+02 1.41e+02 1.43e+02 1.45e+02 1.48e+02 1.50e+02 1.54e+02 1.57e+02 1.61e+02 1.66e+02 1.71e+02 1.76e+02 1.78e+02 1.78e+02 1.78e+02 1.76e+02 1.74e+02 1.72e+02 1.70e+02 1.67e+02 1.67e+02 1.67e+02 1.66e+02 1.68e+02 1.70e+02 1.69e+02 1.68e+02 1.67e+02 1.68e+02 1.68e+02 1.68e+02 1.68e+02 1.67e+02 1.65e+02 1.63e+02 1.60e+02 1.56e+02 1.52e+02 1.46e+02 1.40e+02 1.36e+02 1.31e+02 1.28e+02 1.22e+02 1.18e+02 1.14e+02 1.10e+02 1.10e+02 1.09e+02
1.09e+02 1.10e+02 1.11e+02 1.12e+02 1.14e+02 1.16e+02 1.18e+02 1.19e+02 1.20e+02 1.24e+02 1.28e+02 1.31e+02 1.36e+02 1.40e+02 1.42e+02 1.45e+02 1.47e+02 1.50e+02 1.53e+02 1.57e+02 1.60e+02 1.65e+02 1.70e+02 1.74e+02 1.78e+02 1.79e+02 1.79e+02 1.78e+02 1.78e+02 1.76e+02 1.74e+02 1.71e+02 1.70e+02 1.70e+02 1.70e+02 1.68e+02 1.67e+02 1.66e+02 1.64e+02 1.63e+02 1.61e+02 1.62e+02 1.63e+02 1.63e+02 1.63e+02 1.61e+02 1.60e+02 1.57e+02 1.53e+02 1.48e+02 1.42e+02 1.36e+02 1.30e+02 1.27e+02 1.24e+02 1.20e+02 1.17e+02 1.13e+02 1.10e+02 1.10e+02 1.09e+02
1.08e+02 1.09e+02 1.11e+02 1.12e+02 1.14e+02 1.16e+02 1.17e+02 1.18e+02 1.20e+02 1.21e+02 1.25e+02 1.28e+02 1.32e+02 1.38e+02 1.42e+02 1.44e+02 1.47e+02 1.49e+02 1.53e+02 1.56e+02 1.60e+02 1.64e+02 1.70e+02 1.74e+02 1.78e+02 1.80e+02 1.80e+02 1.79e+02 1.79e+02 1.78e+02 1.76e+02 1.72e+02 1.70e+02 1.70e+02 1.70e+02 1.68e+02 1.66e+02 1.64e+02 1.62e+02 1.60e+02 1.57e+02 1.56e+02 1.57e+02 1.58e+02 1.58e+02 1.56e+02 1.53e+02 1.51e+02 1.49e+02 1.44e+02 1.39e+02 1.30e+02 1.27e+02 1.24e+02 1.21e+02 1.18e+02 1.15e+02 1.12e+02 1.10e+02 1.10e+02 1.09e+02
1.08e+02 1.09e+02 1.11e+02 1.13e+02 1.14e+02 1.16e+02 1.17e+02 1.18e+02 1.19e+02 1.20e+02 1.22e+02 1.26e+02 1.30e+02 1.35e+02 1.39e+02 1.43e+02 1.47e+02 1.49e+02 1.52e+02 1.56e+02 1.60e+02 1.64e+02 1.69e+02 1.73e+02 1.77e+02 1.80e+02 1.80e+02 1.80e+02 1.80e+02 1.79e+02 1.78e+02 1.74e+02 1.70e+02 1.70e+02 1.68e+02 1.67e+02 1.65e+02 1.63e+02 1.61e+02 1.57e+02 1.54e+02 1.53e+02 1.52e+02 1.52e+02 1.52e+02 1.49e+02 1.48e+02 1.47e+02 1.44e+02 1.40e+02 1.34e+02 1.28e+02 1.25e+02 1.22e+02 1.19e+02 1.17e+02 1.14e+02 1.10e+02 1.10e+02 1.09e+02 1.09e+02
1.07e+02 1.08e+02 1.11e+02 1.12e+02 1.14e+02 1.15e+02 1.16e+02 1.17e+02 1.19e+02 1.20e+02 1.21e+02 1.24e+02 1.28e+02 1.33e+02 1.37e+02 1.41e+02 1.45e+02 1.49e+02 1.52e+02 1.56e+02 1.60e+02 1.64e+02 1.68e+02 1.72e+02 1.76e+02 1.79e+02 1.80e+02 1.80e+02 1.80e+02 1.79e+02 1.78e+02 1.74e+02 1.70e+02 1.68e+02 1.66e+02 1.65e+02 1.63e+02 1.61e+02 1.58e+02 1.54e+02 1.50e+02 1.49e+02 1.48e+02 1.46e+02 1.45e+02 1.43e+02 1.43e+02 1.43e+02 1.40e+02 1.36e+02 1.30e+02 1.26e+02 1.23e+02 1.20e+02 1.18e+02 1.15e+02 1.12e+02 1.10e+02 1.10e+02 1.09e+02 1.09e+02
1.07e+02 1.08e+02 1.10e+02 1.12e+02 1.13e+02 1.13e+02 1.15e+02 1.16e+02 1.18e+02 1.20e+02 1.22e+02 1.25e+02 1.28e+02 1.32e+02 1.36e+02 1.40e+02 1.45e+02 1.48e+02 1.50e+02 1.55e+02 1.60e+02 1.64e+02 1.67e+02 1.70e+02 1.74e+02 1.77e+02 1.79e+02 1.79e+02 1.78e+02 1.76e+02 1.76e+02 1.73e+02 1.69e+02 1.66e+02 1.64e+02 1.63e+02 1.61e+02 1.59e+02 1.55e+02 1.52e+02 1.48e+02 1.45e+02 1.43e+02 1.41e+02 1.40e+02 1.39e+02 1.39e+02 1.38e+02 1.36e+02 1.32e+02 1.28e+02 1.24e+02 1.21e+02 1.18e+02 1.16e+02 1.14e+02 1.11e+02 1.10e+02 1.10e+02 1.09e+02 1.08e+02
1.07e+02 1.08e+02 1.09e+02 1.11e+02 1.13e+02 1.14e+02 1.16e+02 1.17e+02 1.19e+02 1.20e+02 1.22e+02 1.25e+02 1.28e+02 1.32e+02 1.37e+02 1.41e+02 1.44e+02 1.46e+02 1.49e+02 1.52e+02 1.57e+02 1.62e+02 1.66e+02 1.68e+02 1.71e+02 1.73e+02 1.75e+02 1.75e+02 1.73e+02 1.72e+02 1.72e+02 1.71e+02 1.68e+02 1.65e+02 1.62e+02 1.60e+02 1.58e+02 1.56e+02 1.53e+02 1.49e+02 1.45e+02 1.42e+02 1.39e+02 1.38e+02 1.37e+02 1.36e+02 1.35e+02 1.33e+02 1.31e+02 1.29e+02 1.26e+02 1.22e+02 1.19e+02 1.17e+02 1.14e+02 1.12e+02 1.10e+02 1.10e+02 1.09e+02 1.08e+02 1.07e+02
1.08e+02 1.09e+02 1.10e+02 1.12e+02 1.14e+02 1.15e+02 1.16e+02 1.17e+02 1.19e+02 1.20e+02 1.22e+02 1.26e+02 1.29e+02 1.33e+02 1.37e+02 1.41e+02 1.43e+02 1.46e+02 1.48e+02 1.51e+02 1.55e+02 1.60e+02 1.64e+02 1.67e+02 1.68e+02 1.69e+02 1.70e+02 1.70e+02 1.69e+02 1.68e+02 1.67e+02 1.68e+02 1.66e+02 1.63e+02 1.60e+02 1.58e+02 1.55e+02 1.53e+02 1.50e+02 1.47e+02 1.43e+02 1.40e+02 1.37e+02 1.36e+02 1.34e+02 1.33e+02 1.32e+02 1.30e+02 1.29e+02 1.27e+02 1.25e+02 1.21e+02 1.18e+02 1.15e+02 1.12e+02 1.10e+02 1.10e+02 1.10e+02 1.08e+02 1.07e+02 1.07e+02
1.09e+02 1.10e+02 1.11e+02 1.13e+02 1.15e+02 1.16e+02 1.17e+02 1.18e+02 1.20e+02 1.21e+02 1.23e+02 1.26e+02 1.29e+02 1.33e+02 1.38e+02 1.41e+02 1.43e+02 1.46e+02 1.48e+02 1.50e+02 1.55e+02 1.59e+02 1.63e+02 1.65e+02 1.66e+02 1.67e+02 1.68e+02 1.68e+02 1.66e+02 1.65e+02 1.64e+02 1.61e+02 1.60e+02 1.59e+02 1.58e+02 1.55e+02 1.52e+02 1.49e+02 1.47e+02 1.44e+02 1.41e+02 1.38e+02 1.35e+02 1.34e+02 1.32e+02 1.30e+02 1.29e+02 1.28e+02 1.26e+02 1.24e+02 1.22e+02 1.20e+02 1.17e+02 1.13e+02 1.11e+02 1.10e+02 1.10e+02 1.10e+02 1.08e+02 1.07e+02 1.07e+02
1.10e+02 1.11e+02 1.12e+02 1.13e+02 1.16e+02 1.17e+02 1.18e+02 1.19e+02 1.20e+02 1.22e+02 1.25e+02 1.27e+02 1.30e+02 1.33e+02 1.38e+02 1.41e+02 1.43e+02 1.46e+02 1.48e+02 1.50e+02 1.54e+02 1.59e+02 1.62e+02 1.63e+02 1.64e+02 1.66e+02 1.66e+02 1.66e+02 1.65e+02 1.63e+02 1.61e+02 1.59e+02 1.57e+02 1.56e+02 1.55e+02 1.53e+02 1.50e+02 1.46e+02 1.43e+02 1.40e+02 1.38e+02 1.36e+02 1.33e+02 1.32e+02 1.30e+02 1.29e+02 1.28e+02 1.25e+02 1.24e+02 1.22e+02 1.20e+02 1.19e+02 1.17e+02 1.14e+02 1.11e+02 1.10e+02 1.10e+02 1.09e+02 1.08e+02 1.07e+02 1.07e+02
1.11e+02 1.12e+02 1.13e+02 1.14e+02 1.16e+02 1.17e+02 1.18e+02 1.19e+02 1.20e+02 1.23e+02 1.25e+02 1.28e+02 1.30e+02 1.34e+02 1.39e+02 1.41e+02 1.44e+02 1.46e+02 1.48e+02 1.51e+02 1.54e+02 1.58e+02 1.61e+02 1.64e+02 1.66e+02 1.67e+02 1.68e+02 1.66e+02 1.65e+02 1.63e+02 1.61e+02 1.58e+02 1.56e+02 1.54e+02 1.52e+02 1.50e+02 1.46e+02 1.42e+02 1.39e+02 1.37e+02 1.35e+02 1.33e+02 1.31e+02 1.30e+02 1.29e+02 1.28e+02 1.27e+02 1.25e+02 1.23e+02 1.21e+02 1.20e+02 1.18e+02 1.16e+02 1.13e+02 1.11e+02 1.10e+02 1.10e+02 1.09e+02 1.08e+02 1.07e+02 1.06e+02
1.11e+02 1.12e+02 1.13e+02 1.15e+02 1.17e+02 1.18e+02 1.18e+02 1.20e+02 1.21e+02 1.24e+02 1.26e+02 1.28e+02 1.31e+02 1.35e+02 1.39e+02 1.42e+02 1.44e+02 1.46e+02 1.48e+02 1.51e+02 1.55e+02 1.60e+02 1.64e+02 1.65e+02 1.68e+02 1.69e+02 1.69e+02 1.68e+02 1.66e+02 1.63e+02 1.60e+02 1.58e+02 1.56e+02 1.53e+02 1.51e+02 1.48e+02 1.45e+02 1.42e+02 1.39e+02 1.37e+02 1.35e+02 1.32e+02 1.30e+02 1.29e+02 1.27e+02 1.26e+02 1.25e+02 1.24e+02 1.23e+02 1.20e+02 1.20e+02 1.17e+02 1.16e+02 1.14e+02 1.12e+02 1.10e+02 1.10e+02 1.08e+02 1.07e+02 1.06e+02 1.06e+02
1.12e+02 1.13e+02 1.14e+02 1.16e+02 1.17e+02 1.18e+02 1.19e+02 1.20e+02 1.22e+02 1.24e+02 1.27e+02 1.29e+02 1.32e+02 1.35e+02 1.39e+02 1.42e+02 1.44e+02 1.46e+02 1.49e+02 1.52e+02 1.57e+02 1.62e+02 1.67e+02 1.69e+02 1.70e+02 1.70e+02 1.70e+02 1.68e+02 1.65e+02 1.63e+02 1.61e+02 1.59e+02 1.57e+02 1.55e+02 1.51e+02 1.48e+02 1.45e+02 1.41e+02 1.39e+02 1.36e+02 1.34e+02 1.32e+02 1.30e+02 1.28e+02 1.27e+02 1.26e+02 1.24e+02 1.23e+02 1.22e+02 1.20e+02 1.19e+02 1.17e+02 1.16e+02 1.14e+02 1.12e+02 1.11e+02 1.09e+02 1.07e+02 1.06e+02 1.06e+02 1.05e+02
1.13e+02 1.14e+02 1.15e+02 1.16e+02 1.17e+02 1.19e+02 1.19e+02 1.20e+02 1.22e+02 1.25e+02 1.27e+02 1.29e+02 1.32e+02 1.35e+02 1.39e+02 1.42e+02 1.44e+02 1.47e+02 1.49e+02 1.54e+02 1.59e+02 1.64e+02 1.69e+02 1.70e+02 1.70e+02 1.70e+02 1.70e+02 1.70e+02 1.68e+02 1.65e+02 1.63e+02 1.61e+02 1.58e+02 1.55e+02 1.51e+02 1.48e+02 1.45e+02 1.42e+02 1.39e+02 1.37e+02 1.35e+02 1.32e+02 1.31e+02 1.28e+02 1.26e+02 1.25e+02 1.24e+02 1.22e+02 1.21e+02 1.20e+02 1.19e+02 1.17e+02 1.15e+02 1.13e+02 1.11e+02 1.10e+02 1.09e+02 1.06e+02 1.05e+02 1.05e+02 1.04e+02
1.13e+02 1.14e+02 1.15e+02 1.17e+02 1.18e+02 1.19e+02 1.20e+02 1.21e+02 1.23e+02 1.25e+02 1.27e+02 1.30e+02 1.32e+02 1.35e+02 1.39e+02 1.42e+02 1.45e+02 1.48e+02 1.50e+02 1.56e+02 1.61e+02 1.66e+02 1.70e+02 1.70e+02 1.70e+02 1.70e+02 1.70e+02 1.70e+02 1.69e+02 1.66e+02 1.63e+02 1.61e+02 1.59e+02 1.55e+02 1.51e+02 1.48e+02 1.46e+02 1.43e+02 1.40e+02 1.38e+02 1.35e+02 1.34e+02 1.32e+02 1.30e+02 1.27e+02 1.25e+02 1.23e+02 1.21e+02 1.20e+02 1.20e+02 1.19e+02 1.16e+02 1.14e+02 1.12e+02 1.10e+02 1.10e+02 1.08e+02 1.06e+02 1.05e+02 1.04e+02 1.04e+02
1.14e+02 1.15e+02 1.16e+02 1.17e+02 1.18e+02 1.19e+02 1.20e+02 1.21e+02 1.23e+02 1.26e+02 1.28e+02 1.30e+02 1.33e+02 1.36e+02 1.39e+02 1.42e+02 1.45e+02 1.48e+02 1.52e+02 1.57e+02 1.61e+02 1.66e+02 1.68e+02 1.70e+02 1.70e+02 1.70e+02 1.70e+02 1.68e+02 1.66e+02 1.64e+02 1.63e+02 1.60e+02 1.59e+02 1.55e+02 1.51e+02 1.48e+02 1.46e+02 1.43e+02 1.41e+02 1.38e+02 1.36e+02 1.34e+02 1.32e+02 1.30e+02 1.28e+02 1.25e+02 1.23e+02 1.21e+02 1.20e+02 1.20e+02 1.18e+02 1.16e+02 1.13e+02 1.11e+02 1.10e+02 1.10e+02 1.09e+02 1.06e+02 1.05e+02 1.04e+02 1.04e+02
1.15e+02 1.16e+02 1.17e+02 1.18e+02 1.19e+02 1.20e+02 1.21e+02 1.21e+02 1.23e+02 1.26e+02 1.28e+02 1.31e+02 1.34e+02 1.36e+02 1.39e+02 1.42e+02 1.45e+02 1.49e+02 1.52e+02 1.57e+02 1.61e+02 1.63e+02 1.64e+02 1.66e+02 1.68e+02 1.67e+02 1.66e+02 1.64e+02 1.63e+02 1.61e+02 1.60e+02 1.58e+02 1.56e+02 1.52e+02 1.49e+02 1.47e+02 1.44e+02 1.43e+02 1.41e+02 1.39e+02 1.36e+02 1.34e+02 1.32e+02 1.30e+02 1.28e+02 1.25e+02 1.22e+02 1.20e+02 1.20e+02 1.19e+02 1.17e+02 1.15e+02 1.13e+02 1.10e+02 1.10e+02 1.09e+02 1.07e+02 1.06e+02 1.05e+02 1.04e+02 1.04e+02
1.15e+02 1.16e+02 1.17e+02 1.18e+02 1.19e+02 1.20e+02 1.21e+02 1.22e+02 1.23e+02 1.25e+02 1.28e+02 1.31e+02 1.34e+02 1.37e+02 1.39e+02 1.42e+02 1.45e+02 1.49e+02 1.52e+02 1.56e+02 1.59e+02 1.59e+02 1.60e+02 1.62e+02 1.62e+02 1.61e+02 1.61e+02 1.60e+02 1.59e+02 1.58e+02 1.57e+02 1.55e+02 1.53e+02 1.50e+02 1.48e+02 1.46e+02 1.45e+02 1.43e+02 1.42e+02 1.40e+02 1.37e+02 1.34e+02 1.31e+02 1.29e+02 1.26e+02 1.24e+02 1.22e+02 1.20e+02 1.19e+02 1.17e+02 1.15e+02 1.13e+02 1.11e+02 1.10e+02 1.09e+02 1.09e+02 1.07e+02 1.06e+02 1.05e+02 1.04e+02 1.04e+02
1.14e+02 1.15e+02 1.16e+02 1.16e+02 1.18e+02 1.19e+02 1.20e+02 1.21e+02 1.22e+02 1.26e+02 1.29e+02 1.32e+02 1.35e+02 1.37e+02 1.40e+02 1.43e+02 1.46e+02 1.49e+02 1.52e+02 1.55e+02 1.56e+02 1.57e+02 1.58e+02 1.59e+02 1.59e+02 1.59e+02 1.58e+02 1.58e+02 1.57e+02 1.55e+02 1.53e+02 1.51e+02 1.50e+02 1.49e+02 1.47e+02 1.46e+02 1.45e+02 1.44e+02 1.42e+02 1.41e+02 1.38e+02 1.35e+02 1.32e+02 1.28e+02 1.25e+02 1.22e+02 1.20e+02 1.18e+02 1.17e+02 1.15e+02 1.13e+02 1.12e+02 1.10e+02 1.09e+02 1.08e+02 1.08e+02 1.06e+02 1.05e+02 1.05e+02 1.04e+02 1.04e+02
1.13e+02 1.14e+02 1.15e+02 1.16e+02 1.17e+02 1.18e+02 1.19e+02 1.20e+02 1.23e+02 1.26e+02 1.29e+02 1.32e+02 1.35e+02 1.38e+02 1.40e+02 1.43e+02 1.46e+02 1.48e+02 1.51e+02 1.53e+02 1.54e+02 1.56e+02 1.57e+02 1.57e+02 1.57e+02 1.57e+02 1.56e+02 1.55e+02 1.54e+02 1.52e+02 1.50e+02 1.49e+02 1.48e+02 1.47e+02 1.46e+02 1.45e+02 1.44e+02 1.42e+02 1.41e+02 1.40e+02 1.39e+02 1.36e+02 1.32e+02 1.29e+02 1.25e+02 1.21e+02 1.18e+02 1.16e+02 1.15e+02 1.13e+02 1.11e+02 1.10e+02 1.09e+02 1.08e+02 1.08e+02 1.07e+02 1.06e+02 1.05e+02 1.04e+02 1.04e+02 1.04e+02
1.12e+02 1.13e+02 1.14e+02 1.15e+02 1.16e+02 1.17e+02 1.19e+02 1.20e+02 1.22e+02 1.26e+02 1.30e+02 1.33e+02 1.36e+02 1.38e+02 1.41e+02 1.43e+02 1.46e+02 1.48e+02 1.50e+02 1.52e+02 1.54e+02 1.55e+02 1.55e+02 1.55e+02 1.55e+02 1.55e+02 1.54e+02 1.52e+02 1.52e+02 1.50e+02 1.48e+02 1.47e+02 1.46e+02 1.45e+02 1.45e+02 1.43e+02 1.42e+02 1.41e+02 1.40e+02 1.40e+02 1.40e+02 1.37e+02 1.33e+02 1.29e+02 1.25e+02 1.20e+02 1.17e+02 1.15e+02 1.11e+02 1.10e+02 1.10e+02 1.09e+02 1.08e+02 1.07e+02 1.07e+02 1.06e+02 1.05e+02 1.05e+02 1.04e+02 1.04e+02 1.03e+02
1.11e+02 1.12e+02 1.14e+02 1.15e+02 1.16e+02 1.17e+02 1.18e+02 1.20e+02 1.22e+02 1.25e+02 1.31e+02 1.34e+02 1.37e+02 1.39e+02 1.42e+02 1.44e+02 1.46e+02 1.48e+02 1.50e+02 1.52e+02 1.53e+02 1.53e+02 1.53e+02 1.53e+02 1.53e+02 1.53e+02 1.53e+02 1.51e+02 1.49e+02 1.47e+02 1.46e+02 1.44e+02 1.44e+02 1.43e+02 1.43e+02 1.42e+02 1.41e+02 1.40e+02 1.40e+02 1.40e+02 1.40e+02 1.38e+02 1.34e+02 1.30e+02 1.23e+02 1.20e+02 1.18e+02 1.11e+02 1.10e+02 1.10e+02 1.10e+02 1.08e+02 1.07e+02 1.06e+02 1.08e+02 1.05e+02 1.05e+02 1.04e+02 1.04e+02 1.03e+02 1.03e+02
1.11e+02 1.12e+02 1.13e+02 1.15e+02 1.15e+02 1.16e+02 1.17e+02 1.19e+02 1.21e+02 1.26e+02 1.31e+02 1.35e+02 1.38e+02 1.40e+02 1.42e+02 1.44e+02 1.46e+02 1.48e+02 1.50e+02 1.51e+02 1.51e+02 1.51e+02 1.51e+02 1.51e+02 1.51e+02 1.51e+02 1.51e+02 1.50e+02 1.48e+02 1.46e+02 1.44e+02 1.42e+02 1.41e+02 1.41e+02 1.42e+02 1.41e+02 1.40e+02 1.40e+02 1.40e+02 1.40e+02 1.40e+02 1.40e+02 1.36e+02 1.32e+02 1.26e+02 1.20e+02 1.15e+02 1.10e+02 1.10e+02 1.10e+02 1.09e+02 1.07e+02 1.06e+02 1.05e+02 1.07e+02 1.05e+02 1.04e+02 1.04e+02 1.04e+02 1.03e+02 1.03e+02
1.12e+02 1.13e+02 1.13e+02 1.14e+02 1.15e+02 1.16e+02 1.17e+02 1.19e+02 1.22e+02 1.27e+02 1.32e+02 1.35e+02 1.39e+02 1.41e+02 1.43e+02 1.45e+02 1.47e+02 1.49e+02 1.50e+02 1.50e+02 1.50e+02 1.50e+02 1.50e+02 1.50e+02 1.50e+02 1.50e+02 1.50e+02 1.49e+02 1.47e+02 1.44e+02 1.42e+02 1.41e+02 1.40e+02 1.40e+02 1.40e+02 1.40e+02 1.40e+02 1.40e+02 1.40e+02 1.40e+02 1.40e+02 1.40e+02 1.37e+02 1.33e+02 1.28e+02 1.20e+02 1.17e+02 1.10e+02 1.10e+02 1.10e+02 1.08e+02 1.06e+02 1.05e+02 1.05e+02 1.06e+02 1.05e+02 1.04e+02 1.04e+02 1.03e+02 1.03e+02 1.03e+02
1.12e+02 1.13e+02 1.14e+02 1.14e+02 1.16e+02 1.17e+02 1.18e+02 1.20e+02 1.22e+02 1.28e+02 1.32e+02 1.36e+02 1.39e+02 1.41e+02 1.44e+02 1.46e+02 1.47e+02 1.49e+02 1.50e+02 1.50e+02 1.50e+02 1.50e+02 1.50e+02 1.50e+02 1.50e+02 1.50e+02 1.50e+02 1.49e+02 1.46e+02 1.43e+02 1.41e+02 1.40e+02 1.40e+02 1.39e+02 1.39e+02 1.39e+02 1.40e+02 1.40e+02 1.40e+02 1.40e+02 1.40e+02 1.40e+02 1.37e+02 1.33e+02 1.29e+02 1.21e+02 1.18e+02 1.10e+02 1.10e+02 1.09e+02 1.07e+02 1.06e+02 1.05e+02 1.05e+02 1.05e+02 1.04e+02 1.04e+02 1.03e+02 1.03e+02 1.03e+02 1.02e+02
1.12e+02 1.14e+02 1.14e+02 1.15e+02 1.16e+02 1.17e+02 1.19e+02 1.20e+02 1.22e+02 1.28e+02 1.33e+02 1.36e+02 1.40e+02 1.42e+02 1.44e+02 1.46e+02 1.48e+02 1.50e+02 1.50e+02 1.50e+02 1.50e+02 1.50e+02 1.50e+02 1.50e+02 1.50e+02 1.50e+02 1.50e+02 1.48e+02 1.45e+02 1.42e+02 1.40e+02 1.38e+02 1.38e+02 1.38e+02 1.37e+02 1.38e+02 1.40e+02 1.40e+02 1.40e+02 1.40e+02 1.40e+02 1.40e+02 1.37e+02 1.34e+02 1.30e+02 1.22e+02 1.18e+02 1.10e+02 1.10e+02 1.08e+02 1.06e+02 1.05e+02 1.03e+02 1.04e+02 1.04e+02 1.04e+02 1.04e+02 1.03e+02 1.03e+02 1.02e+02 1.02e+02
1.13e+02 1.14e+02 1.15e+02 1.16e+02 1.16e+02 1.17e+02 1.18e+02 1.20e+02 1.23e+02 1.29e+02 1.33e+02 1.37e+02 1.40e+02 1.42e+02 1.44e+02 1.46e+02 1.49e+02 1.50e+02 1.50e+02 1.50e+02 1.50e+02 1.50e+02 1.50e+02 1.50e+02 1.50e+02 1.50e+02 1.50e+02 1.47e+02 1.43e+02 1.41e+02 1.39e+02 1.37e+02 1.36e+02 1.36e+02 1.35e+02 1.36e+02 1.38e+02 1.40e+02 1.40e+02 1.40e+02 1.40e+02 1.39e+02 1.36e+02 1.34e+02 1.30e+02 1.23e+02 1.19e+02 1.13e+02 1.09e+02 1.08e+02 1.06e+02 1.04e+02 1.03e+02 1.04e+02 1.04e+02 1.04e+02 1.03e+02 1.03e+02 1.02e+02 1.02e+02 1.01e+02
1.14e+02 1.15e+02 1.15e+02 1.16e+02 1.17e+02 1.18e+02 1.18e+02 1.20e+02 1.23e+02 1.29e+02 1.33e+02 1.37e+02 1.40e+02 1.43e+02 1.45e+02 1.47e+02 1.50e+02 1.50e+02 1.50e+02 1.50e+02 1.50e+02 1.50e+02 1.50e+02 1.50e+02 1.50e+02 1.50e+02 1.48e+02 1.45e+02 1.42e+02 1.39e+02 1.38e+02 1.36e+02 1.35e+02 1.34e+02 1.34e+02 1.34e+02 1.36e+02 1.38e+02 1.37e+02 1.38e+02 1.39e+02 1.37e+02 1.34e+02 1.32e+02 1.25e+02 1.22e+02 1.17e+02 1.14e+02 1.09e+02 1.07e+02 1.05e+02 1.03e+02 1.02e+02 1.04e+02 1.04e+02 1.03e+02 1.03e+02 1.02e+02 1.02e+02 1.01e+02 1.01e+02
1.14e+02 1.15e+02 1.16e+02 1.17e+02 1.17e+02 1.19e+02 1.18e+02 1.20e+02 1.23e+02 1.28e+02 1.32e+02 1.36e+02 1.39e+02 1.42e+02 1.45e+02 1.48e+02 1.50e+02 1.50e+02 1.50e+02 1.50e+02 1.50e+02 1.50e+02 1.50e+02 1.50e+02 1.50e+02 1.50e+02 1.47e+02 1.44e+02 1.41e+02 1.39e+02 1.36e+02 1.35e+02 1.34e+02 1.33e+02 1.32e+02 1.32e+02 1.34e+02 1.34e+02 1.34e+02 1.34e+02 1.35e+02 1.33e+02 1.31e+02 1.28e+02 1.24e+02 1.20e+02 1.16e+02 1.13e+02 1.10e+02 1.07e+02 1.04e+02 1.02e+02 1.02e+02 1.03e+02 1.03e+02 1.03e+02 1.02e+02 1.02e+02 1.02e+02 1.01e+02 1.00e+02
1.15e+02 1.16e+02 1.16e+02 1.17e+02 1.18e+02 1.19e+02 1.19e+02 1.20e+02 1.24e+02 1.28e+02 1.32e+02 1.36e+02 1.39e+02 1.42e+02 1.45e+02 1.48e+02 1.50e+02 1.50e+02 1.50e+02 1.50e+02 1.50e+02 1.50e+02 1.50e+02 1.50e+02 1.50e+02 1.49e+02 1.46e+02 1.43e+02 1.40e+02 1.38e+02 1.35e+02 1.34e+02 1.33e+02 1.31e+02 1.31e+02 1.31e+02 1.31e+02 1.31e+02 1.31e+02 1.31e+02 1.30e+02 1.27e+02 1.24e+02 1.22e+02 1.19e+02 1.17e+02 1.15e+02 1.12e+02 1.09e+02 1.06e+02 1.04e+02 1.01e+02 1.02e+02 1.03e+02 1.03e+02 1.02e+02 1.02e+02 1.02e+02 1.01e+02 1.00e+02 1.00e+02
1.15e+02 1.16e+02 1.17e+02 1.18e+02 1.18e+02 1.19e+02 1.20e+02 1.23e+02 1.25e+02 1.28e+02 1.31e+02 1.35e+02 1.38e+02 1.41e+02 1.45e+02 1.48e+02 1.50e+02 1.50e+02 1.50e+02 1.50e+02 1.50e+02 1.50e+02 1.50e+02 1.50e+02 1.50e+02 1.47e+02 1.45e+02 1.42e+02 1.39e+02 1.37e+02 1.34e+02 1.32e+02 1.31e+02 1.30e+02 1.29e+02 1.28e+02 1.28e+02 1.28e+02 1.28e+02 1.28e+02 1.26e+02 1.23e+02 1.21e+02 1.19e+02 1.16e+02 1.14e+02 1.12e+02 1.10e+02 1.08e+02 1.05e+02 1.03e+02 1.01e+02 1.03e+02 1.03e+02 1.03e+02 1.02e+02 1.02e+02 1.01e+02 1.00e+02 1.00e+02 1.00e+02
1.16e+02 1.17e+02 1.18e+02 1.18e+02 1.19e+02 1.20e+02 1.22e+02 1.23e+02 1.25e+02 1.28e+02 1.31e+02 1.34e+02 1.37e+02 1.41e+02 1.45e+02 1.48e+02 1.49e+02 1.50e+02 1.50e+02 1.50e+02 1.50e+02 1.50e+02 1.50e+02 1.50e+02 1.48e+02 1.45e+02 1.43e+02 1.41e+02 1.38e+02 1.35e+02 1.33e+02 1.30e+02 1.29e+02 1.28e+02 1.27e+02 1.26e+02 1.25e+02 1.25e+02 1.25e+02 1.24e+02 1.23e+02 1.20e+02 1.18e+02 1.16e+02 1.14e+02 1.11e+02 1.09e+02 1.07e+02 1.06e+02 1.04e+02 1.02e+02 1.00e+02 1.01e+02 1.01e+02 1.02e+02 1.02e+02 1.01e+02 1.00e+02 1.00e+02 1.00e+02 1.00e+02
1.16e+02 1.17e+02 1.18e+02 1.19e+02 1.20e+02 1.21e+02 1.23e+02 1.24e+02 1.26e+02 1.28e+02 1.30e+02 1.33e+02 1.37e+02 1.40e+02 1.44e+02 1.45e+02 1.47e+02 1.48e+02 1.49e+02 1.50e+02 1.49e+02 1.49e+02 1.47e+02 1.46e+02 1.44e+02 1.41e+02 1.39e+02 1.36e+02 1.33e+02 1.31e+02 1.29e+02 1.28e+02 1.27e+02 1.26e+02 1.25e+02 1.24e+02 1.23e+02 1.23e+02 1.22e+02 1.21e+02 1.20e+02 1.18e+02 1.16e+02 1.14e+02 1.12e+02 1.08e+02 1.07e+02 1.05e+02 1.03e+02 1.02e+02 1.00e+02 1.00e+02 1.00e+02 1.00e+02 1.01e+02 1.01e+02 1.00e+02 1.00e+02 1.00e+02 1.00e+02 1.00e+02
1.17e+02 1.18e+02 1.19e+02 1.19e+02 1.20e+02 1.21e+02 1.23e+02 1.24e+02 1.26e+02 1.28e+02 1.29e+02 1.31e+02 1.35e+02 1.39e+02 1.42e+02 1.43e+02 1.45e+02 1.46e+02 1.47e+02 1.47e+02 1.47e+02 1.46e+02 1.44e+02 1.42e+02 1.40e+02 1.38e+02 1.35e+02 1.33e+02 1.30e+02 1.28e+02 1.27e+02 1.26e+02 1.25e+02 1.24e+02 1.23e+02 1.22e+02 1.21e+02 1.20e+02 1.19e+02 1.18e+02 1.17e+02 1.15e+02 1.14e+02 1.12e+02 1.10e+02 1.06e+02 1.05e+02 1.02e+02 1.01e+02 1.00e+02 1.00e+02 1.00e+02 1.00e+02 1.00e+02 1.00e+02 1.00e+02 1.00e+02 9.90e+01 9.90e+01 9.90e+01 9.90e+01
1.17e+02 1.18e+02 1.19e+02 1.20e+02 1.20e+02 1.21e+02 1.23e+02 1.24e+02 1.25e+02 1.26e+02 1.28e+02 1.29e+02 1.32e+02 1.37e+02 1.40e+02 1.42e+02 1.43e+02 1.43e+02 1.44e+02 1.44e+02 1.44e+02 1.43e+02 1.41e+02 1.39e+02 1.37e+02 1.35e+02 1.33e+02 1.30e+02 1.28e+02 1.27e+02 1.26e+02 1.25e+02 1.23e+02 1.22e+02 1.21e+02 1.20e+02 1.19e+02 1.17e+02 1.16e+02 1.15e+02 1.14e+02 1.12e+02 1.11e+02 1.08e+02 1.07e+02 1.05e+02 1.00e+02 1.00e+02 1.00e+02 1.00e+02 1.00e+02 1.00e+02 1.00e+02 9.90e+01 9.90e+01 9.90e+01 9.90e+01 9.90e+01 9.90e+01 9.90e+01 9.80e+01
1.16e+02 1.17e+02 1.18e+02 1.20e+02 1.20e+02 1.21e+02 1.22e+02 1.23e+02 1.24e+02 1.25e+02 1.26e+02 1.28e+02 1.30e+02 1.34e+02 1.39e+02 1.40e+02 1.41e+02 1.41e+02 1.41e+02 1.41e+02 1.41e+02 1.40e+02 1.38e+02 1.36e+02 1.34e+02 1.33e+02 1.31e+02 1.29e+02 1.27e+02 1.25e+02 1.24e+02 1.23e+02 1.22e+02 1.20e+02 1.19e+02 1.18e+02 1.17e+02 1.16e+02 1.14e+02 1.12e+02 1.11e+02 1.08e+02 1.09e+02 1.06e+02 1.06e+02 1.00e+02 1.00e+02 1.00e+02 1.00e+02 1.00e+02 9.90e+01 9.90e+01 9.90e+01 9.90e+01 9.90e+01 9.90e+01 9.90e+01 9.80e+01 9.80e+01 9.80e+01 9.70e+01
1.14e+02 1.15e+02 1.16e+02 1.17e+02 1.19e+02 1.19e+02 1.20e+02 1.21e+02 1.22e+02 1.23e+02 1.25e+02 1.27e+02 1.29e+02 1.33e+02 1.36e+02 1.34e+02 1.34e+02 1.36e+02 1.38e+02 1.38e+02 1.37e+02 1.37e+02 1.35e+02 1.33e+02 1.32e+02 1.30e+02 1.29e+02 1.27e+02 1.25e+02 1.24e+02 1.22e+02 1.21e+02 1.20e+02 1.19e+02 1.17e+02 1.16e+02 1.15e+02 1.14e+02 1.12e+02 1.10e+02 1.09e+02 1.08e+02 1.07e+02 1.05e+02 1.05e+02 1.00e+02 1.00e+02 1.00e+02 1.00e+02 9.90e+01 9.90e+01 9.90e+01 9.80e+01 9.80e+01 9.80e+01 9.80e+01 9.80e+01 9.70e+01 9.70e+01 9.70e+01 9.70e+01
1.12e+02 1.13e+02 1.14e+02 1.15e+02 1.16e+02 1.16e+02 1.17e+02 1.19e+02 1.20e+02 1.22e+02 1.24e+02 1.26e+02 1.27e+02 1.29e+02 1.29e+02 1.28e+02 1.27e+02 1.29e+02 1.32e+02 1.33e+02 1.33e+02 1.33e+02 1.33e+02 1.31e+02 1.29e+02 1.27e+02 1.26e+02 1.25e+02 1.24e+02 1.22e+02 1.21e+02 1.19e+02 1.18e+02 1.17e+02 1.16e+02 1.14e+02 1.13e+02 1.12e+02 1.10e+02 1.09e+02 1.08e+02 1.06e+02 1.06e+02 1.05e+02 1.00e+02 1.00e+02 1.00e+02 9.80e+01 9.80e+01 9.80e+01 9.80e+01 9.80e+01 9.80e+01 9.70e+01 9.70e+01 9.70e+01 9.70e+01 9.70e+01 9.70e+01 9.70e+01 9.60e+01
1.09e+02 1.11e+02 1.12e+02 1.12e+02 1.13e+02 1.13e+02 1.13e+02 1.14e+02 1.16e+02 1.19e+02 1.21e+02 1.23e+02 1.24e+02 1.25e+02 1.24e+02 1.23e+02 1.23e+02 1.23e+02 1.25e+02 1.27e+02 1.29e+02 1.29e+02 1.28e+02 1.28e+02 1.27e+02 1.25e+02 1.24e+02 1.23e+02 1.22e+02 1.21e+02 1.19e+02 1.18e+02 1.17e+02 1.16e+02 1.14e+02 1.13e+02 1.12e+02 1.10e+02 1.09e+02 1.08e+02 1.07e+02 1.06e+02 1.05e+02 1.00e+02 1.00e+02 1.00e+02 9.70e+01 9.70e+01 9.70e+01 9.70e+01 9.70e+01 9.70e+01 9.70e+01 9.60e+01 9.60e+01 9.60e+01 9.60e+01 9.60e+01 9.60e+01 9.60e+01 9.60e+01
1.06e+02 1.07e+02 1.08e+02 1.08e+02 1.09e+02 1.10e+02 1.10e+02 1.12e+02 1.13e+02 1.14e+02 1.17e+02 1.19e+02 1.20e+02 1.21e+02 1.19e+02 1.17e+02 1.17e+02 1.17e+02 1.18e+02 1.20e+02 1.23e+02 1.24e+02 1.25e+02 1.25e+02 1.25e+02 1.23e+02 1.21e+02 1.20e+02 1.20e+02 1.19e+02 1.18e+02 1.17e+02 1.16e+02 1.15e+02 1.14e+02 1.13e+02 1.11e+02 1.09e+02 1.09e+02 1.07e+02 1.06e+02 1.05e+02 1.00e+02 1.00e+02 1.00e+02 9.60e+01 9.60e+01 9.60e+01 9.60e+01 9.60e+01 9.60e+01 9.60e+01 9.60e+01 9.60e+01 9.60e+01 9.60e+01 9.60e+01 9.60e+01 9.60e+01 9.60e+01 9.60e+01
1.04e+02 1.05e+02 1.05e+02 1.06e+02 1.06e+02 1.07e+02 1.08e+02 1.08e+02 1.09e+02 1.09e+02 1.11e+02 1.15e+02 1.16e+02 1.14e+02 1.13e+02 1.12e+02 1.11e+02 1.10e+02 1.11e+02 1.13e+02 1.16e+02 1.19e+02 1.22e+02 1.22e+02 1.22e+02 1.21e+02 1.20e+02 1.19e+02 1.18e+02 1.18e+02 1.17e+02 1.16e+02 1.15e+02 1.14e+02 1.13e+02 1.12e+02 1.11e+02 1.08e+02 1.08e+02 1.06e+02 1.05e+02 1.00e+02 1.00e+02 1.00e+02 9.60e+01 9.60e+01 9.60e+01 9.60e+01 9.60e+01 9.60e+01 9.60e+01 9.60e+01 9.60e+01 9.60e+01 9.60e+01 9.60e+01 9.60e+01 9.60e+01 9.60e+01 9.60e+01 9.60e+01
1.02e+02 1.03e+02 1.03e+02 1.04e+02 1.04e+02 1.05e+02 1.06e+02 1.06e+02 1.07e+02 1.08e+02 1.09e+02 1.11e+02 1.12e+02 1.10e+02 1.09e+02 1.08e+02 1.08e+02 1.08e+02 1.08e+02 1.09e+02 1.10e+02 1.12e+02 1.16e+02 1.17e+02 1.17e+02 1.18e+02 1.18e+02 1.18e+02 1.17e+02 1.16e+02 1.16e+02 1.15e+02 1.14e+02 1.13e+02 1.12e+02 1.11e+02 1.10e+02 1.07e+02 1.07e+02 1.05e+02 1.00e+02 1.00e+02 1.00e+02 9.70e+01 9.60e+01 9.60e+01 9.60e+01 9.60e+01 9.60e+01 9.60e+01 9.60e+01 9.60e+01 9.60e+01 9.60e+01 9.60e+01 9.60e+01 9.60e+01 9.60e+01 9.60e+01 9.60e+01 9.60e+01
1.01e+02 1.02e+02 1.03e+02 1.03e+02 1.04e+02 1.05e+02 1.05e+02 1.06e+02 1.06e+02 1.07e+02 1.08e+02 1.09e+02 1.09e+02 1.07e+02 1.06e+02 1.06e+02 1.05e+02 1.05e+02 1.05e+02 1.06e+02 1.07e+02 1.08e+02 1.09e+02 1.10e+02 1.11e+02 1.13e+02 1.14e+02 1.15e+02 1.15e+02 1.15e+02 1.14e+02 1.13e+02 1.12e+02 1.11e+02 1.10e+02 1.08e+02 1.08e+02 1.06e+02 1.05e+02 1.00e+02 1.00e+02 1.00e+02 9.70e+01 9.70e+01 9.60e+01 9.60e+01 9.60e+01 9.60e+01 9.60e+01 9.60e+01 9.60e+01 9.60e+01 9.60e+01 9.60e+01 9.60e+01 9.60e+01 9.60e+01 9.60e+01 9.60e+01 9.60e+01 9.60e+01
1.00e+02 1.01e+02 1.02e+02 1.02e+02 1.03e+02 1.03e+02 1.04e+02 1.04e+02 1.05e+02 1.06e+02 1.06e+02 1.07e+02 1.06e+02 1.06e+02 1.06e+02 1.05e+02 1.05e+02 1.04e+02 1.03e+02 1.03e+02 1.04e+02 1.05e+02 1.07e+02 1.08e+02 1.10e+02 1.11e+02 1.11e+02 1.12e+02 1.12e+02 1.13e+02 1.13e+02 1.12e+02 1.11e+02 1.10e+02 1.08e+02 1.07e+02 1.06e+02 1.05e+02 1.00e+02 1.00e+02 1.00e+02 9.80e+01 9.70e+01 9.70e+01 9.60e+01 9.60e+01 9.60e+01 9.60e+01 9.60e+01 9.60e+01 9.60e+01 9.60e+01 9.60e+01 9.60e+01 9.60e+01 9.60e+01 9.60e+01 9.60e+01 9.60e+01 9.60e+01 9.60e+01
1.00e+02 1.01e+02 1.01e+02 1.02e+02 1.02e+02 1.03e+02 1.03e+02 1.04e+02 1.04e+02 1.05e+02 1.05e+02 1.05e+02 1.05e+02 1.06e+02 1.05e+02 1.05e+02 1.04e+02 1.03e+02 1.02e+02 1.01e+02 1.02e+02 1.03e+02 1.04e+02 1.06e+02 1.07e+02 1.10e+02 1.11e+02 1.11e+02 1.11e+02 1.12e+02 1.12e+02 1.12e+02 1.10e+02 1.07e+02 1.07e+02 1.06e+02 1.05e+02 1.02e+02 1.00e+02 1.00e+02 9.90e+01 9.80e+01 9.70e+01 9.70e+01 9.60e+01 9.60e+01 9.60e+01 9.60e+01 9.60e+01 9.60e+01 9.60e+01 9.60e+01 9.60e+01 9.60e+01 9.60e+01 9.60e+01 9.60e+01 9.60e+01 9.60e+01 9.60e+01 9.50e+01
9.90e+01 1.00e+02 1.01e+02 1.02e+02 1.02e+02 1.03e+02 1.03e+02 1.03e+02 1.04e+02 1.04e+02 1.04e+02 1.04e+02 1.03e+02 1.04e+02 1.04e+02 1.04e+02 1.04e+02 1.02e+02 1.01e+02 1.01e+02 1.02e+02 1.03e+02 1.04e+02 1.05e+02 1.07e+02 1.10e+02 1.11e+02 1.11e+02 1.11e+02 1.11e+02 1.11e+02 1.11e+02 1.08e+02 1.06e+02 1.05e+02 1.05e+02 1.02e+02 1.01e+02 1.00e+02 9.90e+01 9.90e+01 9.80e+01 9.70e+01 9.70e+01 9.60e+01 9.60e+01 9.60e+01 9.60e+01 9.60e+01 9.60e+01 9.60e+01 9.60e+01 9.60e+01 9.60e+01 9.60e+01 9.60e+01 9.60e+01 9.60e+01 9.60e+01 9.50e+01 9.50e+01
9.90e+01 1.00e+02 1.00e+02 1.01e+02 1.01e+02 1.02e+02 1.02e+02 1.02e+02 1.03e+02 1.03e+02 1.03e+02 1.03e+02 1.02e+02 1.03e+02 1.03e+02 1.04e+02 1.03e+02 1.02e+02 1.01e+02 1.01e+02 1.01e+02 1.02e+02 1.03e+02 1.04e+02 1.06e+02 1.09e+02 1.10e+02 1.11e+02 1.11e+02 1.11e+02 1.10e+02 1.10e+02 1.07e+02 1.05e+02 1.03e+02 1.04e+02 1.00e+02 1.00e+02 9.90e+01 9.90e+01 9.80e+01 9.80e+01 9.70e+01 9.70e+01 9.60e+01 9.60e+01 9.60e+01 9.60e+01 9.60e+01 9.60e+01 9.60e+01 9.60e+01 9.60e+01 9.60e+01 9.50e+01 9.50e+01 9.50e+01 9.50e+01 9.50e+01 9.50e+01 9.50e+01
9.90e+01 1.00e+02 1.00e+02 1.00e+02 1.01e+02 1.01e+02 1.01e+02 1.02e+02 1.02e+02 1.03e+02 1.02e+02 1.02e+02 1.01e+02 1.02e+02 1.02e+02 1.03e+02 1.03e+02 1.01e+02 1.01e+02 1.00e+02 1.01e+02 1.01e+02 1.02e+02 1.03e+02 1.05e+02 1.09e+02 1.10e+02 1.10e+02 1.11e+02 1.10e+02 1.10e+02 1.09e+02 1.06e+02 1.05e+02 1.00e+02 1.02e+02 1.00e+02 9.90e+01 9.90e+01 9.90e+01 9.80e+01 9.80e+01 9.70e+01 9.70e+01 9.60e+01 9.60e+01 9.60e+01 9.60e+01 9.60e+01 9.60e+01 9.50e+01 9.50e+01 9.50e+01 9.50e+01 9.50e+01 9.50e+01 9.50e+01 9.50e+01 9.50e+01 9.50e+01 9.40e+01
9.90e+01 9.90e+01 9.90e+01 9.90e+01 1.00e+02 1.00e+02 1.01e+02 1.01e+02 1.02e+02 1.02e+02 1.01e+02 1.01e+02 1.01e+02 1.01e+02 1.01e+02 1.02e+02 1.02e+02 1.01e+02 1.00e+02 1.00e+02 1.01e+02 1.01e+02 1.01e+02 1.03e+02 1.04e+02 1.07e+02 1.09e+02 1.09e+02 1.10e+02 1.10e+02 1.09e+02 1.08e+02 1.05e+02 1.02e+02 1.00e+02 1.00e+02 9.90e+01 9.90e+01 9.90e+01 9.80e+01 9.80e+01 9.80e+01 9.70e+01 9.60e+01 9.60e+01 9.60e+01 9.60e+01 9.60e+01 9.50e+01 9.50e+01 9.50e+01 9.50e+01 9.50e+01 9.50e+01 9.50e+01 9.40e+01 9.40e+01 9.40e+01 9.40e+01 9.40e+01 9.40e+01
9.80e+01 9.90e+01 9.90e+01 9.90e+01 9.90e+01 1.00e+02 1.00e+02 1.01e+02 1.01e+02 1.02e+02 1.01e+02 1.00e+02 1.00e+02 1.00e+02 1.01e+02 1.01e+02 1.01e+02 1.00e+02 1.00e+02 1.00e+02 1.00e+02 1.01e+02 1.01e+02 1.01e+02 1.03e+02 1.06e+02 1.07e+02 1.09e+02 1.09e+02 1.09e+02 1.09e+02 1.07e+02 1.04e+02 1.01e+02 1.00e+02 9.90e+01 9.90e+01 9.90e+01 9.80e+01 9.80e+01 9.80e+01 9.70e+01 9.60e+01 9.60e+01 9.60e+01 9.60e+01 9.50e+01 9.50e+01 9.50e+01 9.50e+01 9.50e+01 9.50e+01 9.50e+01 9.40e+01 9.40e+01 9.40e+01 9.40e+01 9.40e+01 9.40e+01 9.40e+01 9.40e+01
9.80e+01 9.80e+01 9.80e+01 9.90e+01 9.90e+01 9.90e+01 1.00e+02 1.00e+02 1.01e+02 1.01e+02 1.00e+02 1.00e+02 9.90e+01 9.90e+01 1.00e+02 1.00e+02 1.00e+02 1.00e+02 1.00e+02 1.00e+02 1.00e+02 1.01e+02 1.01e+02 1.01e+02 1.02e+02 1.05e+02 1.06e+02 1.09e+02 1.08e+02 1.09e+02 1.07e+02 1.05e+02 1.02e+02 1.00e+02 1.00e+02 9.90e+01 9.90e+01 9.80e+01 9.80e+01 9.80e+01 9.70e+01 9.60e+01 9.60e+01 9.60e+01 9.60e+01 9.50e+01 9.50e+01 9.50e+01 9.50e+01 9.50e+01 9.50e+01 9.40e+01 9.40e+01 9.40e+01 9.40e+01 9.40e+01 9.40e+01 9.40e+01 9.40e+01 9.40e+01 9.40e+01
9.70e+01 9.80e+01 9.80e+01 9.80e+01 9.90e+01 9.90e+01 9.90e+01 1.00e+02 1.00e+02 1.00e+02 1.00e+02 1.00e+02 9.90e+01 9.90e+01 9.90e+01 1.00e+02 1.00e+02 1.00e+02 1.00e+02 1.00e+02 1.00e+02 1.00e+02 1.01e+02 1.01e+02 1.01e+02 1.03e+02 1.04e+02 1.05e+02 1.06e+02 1.05e+02 1.04e+02 1.01e+02 1.00e+02 1.00e+02 9.90e+01 9.90e+01 9.80e+01 9.80e+01 9.70e+01 9.70e+01 9.70e+01 9.60e+01 9.60e+01 9.60e+01 9.50e+01 9.50e+01 9.50e+01 9.50e+01 9.50e+01 9.40e+01 9.40e+01 9.40e+01 9.40e+01 9.40e+01 9.40e+01 9.40e+01 9.40e+01 9.40e+01 9.40e+01 9.40e+01 9.40e+01
9.70e+01 9.70e+01 9.70e+01 9.80e+01 9.80e+01 9.90e+01 9.90e+01 9.90e+01 1.00e+02 1.00e+02 1.00e+02 9.90e+01 9.90e+01 9.90e+01 9.90e+01 9.90e+01 1.00e+02 1.00e+02 1.00e+02 1.00e+02 1.00e+02 1.00e+02 1.01e+02 1.01e+02 1.00e+02 1.00e+02 1.00e+02 1.00e+02 1.00e+02 1.00e+02 1.00e+02 1.00e+02 1.00e+02 1.00e+02 9.90e+01 9.90e+01 9.80e+01 9.70e+01 9.70e+01 9.70e+01 9.60e+01 9.60e+01 9.60e+01 9.50e+01 9.50e+01 9.50e+01 9.50e+01 9.40e+01 9.40e+01 9.40e+01 9.40e+01 9.40e+01 9.40e+01 9.40e+01 9.40e+01 9.40e+01 9.40e+01 9.40e+01 9.40e+01 9.40e+01 9.40e+01
