-7.982785069352930085e-01 -7.982785069352930085e-01 7.299402407314969921e-02
-3.151644591050086763e-01 -7.982785069352930085e-01 7.299402407314969921e-02
3.151644591050088429e-01 -7.982785069352930085e-01 7.299402407314969921e-02
7.982785069352926755e-01 -7.982785069352930085e-01 7.299402407314969921e-02
-7.982785069352930085e-01 -3.151644591050086763e-01 7.299402407314969921e-02
-3.151644591050086763e-01 -3.151644591050086763e-01 7.299402407314969921e-02
3.151644591050088429e-01 -3.151644591050086763e-01 7.299402407314969921e-02
7.982785069352926755e-01 -3.151644591050086763e-01 7.299402407314969921e-02
-7.982785069352930085e-01 3.151644591050088429e-01 7.299402407314969921e-02
-3.151644591050086763e-01 3.151644591050088429e-01 7.299402407314969921e-02
3.151644591050088429e-01 3.151644591050088429e-01 7.299402407314969921e-02
7.982785069352926755e-01 3.151644591050088429e-01 7.299402407314969921e-02
-7.982785069352930085e-01 7.982785069352926755e-01 7.299402407314969921e-02
-3.151644591050086763e-01 7.982785069352926755e-01 7.299402407314969921e-02
3.151644591050088429e-01 7.982785069352926755e-01 7.299402407314969921e-02
7.982785069352926755e-01 7.982785069352926755e-01 7.299402407314969921e-02
-5.623187683985407803e-01 -5.623187683985407803e-01 3.470037660383518685e-01
-2.220063410792620928e-01 -5.623187683985407803e-01 3.470037660383518685e-01
2.220063410792622038e-01 -5.623187683985407803e-01 3.470037660383518685e-01
5.623187683985405583e-01 -5.623187683985407803e-01 3.470037660383518685e-01
-5.623187683985407803e-01 -2.220063410792620928e-01 3.470037660383518685e-01
-2.220063410792620928e-01 -2.220063410792620928e-01 3.470037660383518685e-01
2.220063410792622038e-01 -2.220063410792620928e-01 3.470037660383518685e-01
5.623187683985405583e-01 -2.220063410792620928e-01 3.470037660383518685e-01
-5.623187683985407803e-01 2.220063410792622038e-01 3.470037660383518685e-01
-2.220063410792620928e-01 2.220063410792622038e-01 3.470037660383518685e-01
2.220063410792622038e-01 2.220063410792622038e-01 3.470037660383518685e-01
5.623187683985405583e-01 2.220063410792622038e-01 3.470037660383518685e-01
-5.623187683985407803e-01 5.623187683985405583e-01 3.470037660383518685e-01
-2.220063410792620928e-01 5.623187683985405583e-01 3.470037660383518685e-01
2.220063410792622038e-01 5.623187683985405583e-01 3.470037660383518685e-01
5.623187683985405583e-01 5.623187683985405583e-01 3.470037660383518685e-01
-2.540333089050149096e-01 -2.540333089050149096e-01 7.050022098884984878e-01
-1.002936565373346717e-01 -2.540333089050149096e-01 7.050022098884984878e-01
1.002936565373347272e-01 -2.540333089050149096e-01 7.050022098884984878e-01
2.540333089050147986e-01 -2.540333089050149096e-01 7.050022098884984878e-01
-2.540333089050149096e-01 -1.002936565373346717e-01 7.050022098884984878e-01
-1.002936565373346717e-01 -1.002936565373346717e-01 7.050022098884984878e-01
1.002936565373347272e-01 -1.002936565373346717e-01 7.050022098884984878e-01
2.540333089050147986e-01 -1.002936565373346717e-01 7.050022098884984878e-01
-2.540333089050149096e-01 1.002936565373347272e-01 7.050022098884984878e-01
-1.002936565373346717e-01 1.002936565373347272e-01 7.050022098884984878e-01
1.002936565373347272e-01 1.002936565373347272e-01 7.050022098884984878e-01
2.540333089050147986e-01 1.002936565373347272e-01 7.050022098884984878e-01
-2.540333089050149096e-01 2.540333089050147986e-01 7.050022098884984878e-01
-1.002936565373346717e-01 2.540333089050147986e-01 7.050022098884984878e-01
1.002936565373347272e-01 2.540333089050147986e-01 7.050022098884984878e-01
2.540333089050147986e-01 2.540333089050147986e-01 7.050022098884984878e-01
