1.426047753214380008e-02
2.673500587562307670e-02
2.673500587562305589e-02
1.426047753214381049e-02
2.673500587562307670e-02
5.012178151527505593e-02
5.012178151527502817e-02
2.673500587562309752e-02
2.673500587562305589e-02
5.012178151527502817e-02
5.012178151527499348e-02
2.673500587562307670e-02
1.426047753214381049e-02
2.673500587562309752e-02
2.673500587562307670e-02
1.426047753214382263e-02
1.327217725297193118e-02
2.488217775601888129e-02
2.488217775601886741e-02
1.327217725297194159e-02
2.488217775601888129e-02
4.664816917988988398e-02
4.664816917988985623e-02
2.488217775601890211e-02
2.488217775601886741e-02
4.664816917988985623e-02
4.664816917988982153e-02
2.488217775601888129e-02
1.327217725297194159e-02
2.488217775601890211e-02
2.488217775601888129e-02
1.327217725297195200e-02
2.718093536284757906e-03
5.095779331321015695e-03
5.095779331321012226e-03
2.718093536284760074e-03
5.095779331321015695e-03
9.553375057508714172e-03
9.553375057508707233e-03
5.095779331321020032e-03
5.095779331321012226e-03
9.553375057508707233e-03
9.553375057508700294e-03
5.095779331321016563e-03
2.718093536284760074e-03
5.095779331321020032e-03
5.095779331321016563e-03
2.718093536284762243e-03
