34  658  235  0
 9  688  408  +1
10  696  399  +1
11  708  387  +1
 4  616  492  +1
43  738  314  0
44  753  113  0
48  784  131  0
15  731  395  +1
45  767  286  0
46  771  264  0
 1  568  585  +1
52  858  163  0
 3  609  536  +1
33  635  252  0
47  780  137  0
25  879  340  +1
26  892  370  +1
49  798  132  0
13  715  506  +1
14  732  485  +1
24  862  372  +1
35  663  299  0
36  677  223  0
 8  660  471  +1
12  701  434  +1
31  593  357  0
32  626  341  0
16  749  398  +1
39  699  311  0
18  773  431  +1
55  911   79  0
56  939   99  0
21  794  421  +1
37  685  303  0
38  698  197  0
19  782  456  +1
20  797  476  +1
40  712  257  0
29  562  309  0
17  759  512  +1
54  891  156  0
30  578  346  0
50  820  152  0
 5  632  465  +1
 6  652  528  +1
41  722  193  0
42  735  259  0
27  913  373  +1
28  933  330  +1
 7  655  496  +1
22  824  452  +1
23  835  441  +1
51  834  157  0
 2  586  565  +1
53  888   91  0

