Wed Oct  8 07:27:19 2025

c8lib_test():
  python version: 3.10.12
  numpy version:  1.26.4
  Test c8lib().

c8_aBS_test
  c8_aBS computes the absolute value of a C8.

       C1=c8_uniform_01          R2=c8_aBS(C1)             R3=ABS(C1)
     ---------------------     ---------------------     ---------------------

  (    0.095961,    0.334172)      0.347677                0.347677
  (   -0.430760,   -0.296463)      0.522920                0.522920
  (    0.090977,    0.289889)      0.303829                0.303829
  (    0.040984,    0.868526)      0.869493                0.869493
  (    0.012211,    0.401809)      0.401995                0.401995
  (    0.127628,   -0.549551)      0.564177                0.564177
  (   -0.728433,    0.473099)      0.868584                0.868584
  (    0.482389,   -0.038649)      0.483935                0.483935
  (    0.653008,    0.135741)      0.666967                0.666967
  (    0.437799,    0.004690)      0.437825                0.437825

c8_acos_test
  c8_acos computes the inverse cosine of a C8.

       C1=c8_uniform_01          C2=c8_acos(C1)             C3=c8_cos(C2)
     ---------------------     ---------------------     ---------------------

  (    0.487793,    0.320655)  (    1.094120,   -0.353478)  (    0.487793,    0.320655)
  (    0.021536,    0.350233)  (    1.550470,   -0.343510)  (    0.021536,    0.350233)
  (    0.061563,   -0.784122)  (    1.522354,    0.720946)  (    0.061563,   -0.784122)
  (   -0.955430,    0.122161)  (    2.725319,   -0.297697)  (   -0.955430,    0.122161)
  (   -0.547724,   -0.279364)  (    2.118311,    0.321619)  (   -0.547724,   -0.279364)
  (    0.627619,    0.646568)  (    1.044190,   -0.691462)  (    0.627619,    0.646568)
  (    0.198739,   -0.053834)  (    1.371030,    0.054898)  (    0.198739,   -0.053834)
  (    0.005438,   -0.928979)  (    1.566812,    0.830258)  (    0.005438,   -0.928979)
  (    0.375070,   -0.387682)  (    1.216819,    0.402361)  (    0.375070,   -0.387682)
  (   -0.308507,   -0.836679)  (    1.806825,    0.779246)  (   -0.308507,   -0.836679)

c8_acosh_test
  c8_acosh computes the inverse hyperbolic cosine of a C8.

       C1=c8_uniform_01          C2=c8_acosh(C1)             C3=c8_cosh(C2)
     ---------------------     ---------------------     ---------------------

  (   -0.514651,    0.487354)  (    0.522187,    2.039421)  (   -0.514651,    0.487354)
  (   -0.133932,    0.606751)  (    0.578024,    1.685346)  (   -0.133932,    0.606751)
  (   -0.615313,   -0.252710)  (   -0.307381,    2.198572)  (   -0.615313,   -0.252710)
  (   -0.734200,    0.261045)  (    0.353527,    2.333104)  (   -0.734200,    0.261045)
  (    0.802905,   -0.431681)  (   -0.565506,    0.809779)  (    0.802905,   -0.431681)
  (   -0.495798,   -0.126804)  (   -0.145014,    2.083609)  (   -0.495798,   -0.126804)
  (    0.519443,    0.001426)  (    0.001669,    1.024599)  (    0.519443,    0.001426)
  (   -0.419000,   -0.878438)  (   -0.826069,    1.883730)  (   -0.419000,   -0.878438)
  (   -0.247637,   -0.590019)  (   -0.572031,    1.784414)  (   -0.247637,   -0.590019)
  (   -0.785159,   -0.249645)  (   -0.361203,    2.398803)  (   -0.785159,   -0.249645)

c8_add_test
  c8_add adds two C8s.

       C1=c8_uniform_01          C2=c8_uniform_01          C3=c8_add(C1,C2)
     ---------------------     ---------------------     ---------------------

  (   -0.295959,    0.234681)  (   -0.424908,    0.679547)  (   -0.720867,    0.914228)
  (    0.168513,   -0.102773)  (   -0.442864,   -0.273779)  (   -0.274351,   -0.376552)
  (   -0.154765,    0.290391)  (   -0.053066,    0.147250)  (   -0.207831,    0.437641)
  (   -0.694790,    0.383588)  (   -0.771464,   -0.287470)  (   -1.466253,    0.096119)
  (    0.448247,    0.708611)  (   -0.138062,   -0.062578)  (    0.310185,    0.646033)
  (   -0.405148,    0.528218)  (    0.969596,   -0.062617)  (    0.564448,    0.465601)
  (    0.756605,   -0.626862)  (    0.681139,    0.643523)  (    1.437745,    0.016661)
  (   -0.712636,    0.682320)  (   -0.007762,   -0.728957)  (   -0.720398,   -0.046637)
  (    0.309996,    0.288543)  (    0.604897,   -0.201940)  (    0.914894,    0.086603)
  (    0.402098,   -0.129958)  (    0.674777,   -0.026038)  (    1.076875,   -0.155996)

c8_arg_test
  c8_arg computes the argument of a C8.

       C1=c8_uniform_01          R2=c8_arg(C1)             R3=NP.ANGLE(C1)
     ---------------------     ---------------------     ---------------------

  (   -0.310281,    0.636096)      2.024628                2.024628
  (    0.180829,    0.249054)      0.942793                0.942793
  (    0.710870,   -0.004824)     -0.006785               -0.006785
  (    0.070308,   -0.934220)     -1.495679               -1.495679
  (    0.347014,   -0.755927)     -1.140436               -1.140436
  (    0.579986,   -0.071063)     -0.121918               -0.121918
  (    0.079714,   -0.083901)     -0.810984               -0.810984
  (    0.230663,    0.195856)      0.703971                0.703971
  (    0.204971,   -0.361772)     -1.055317               -1.055317
  (    0.414588,   -0.221975)     -0.491573               -0.491573

c8_asin_test
  c8_asin computes the inverse sine of a C8.

       C1=c8_uniform_01          C2=c8_asin(C1)             C3=c8_sin(C2)
     ---------------------     ---------------------     ---------------------

  (    0.529372,   -0.736557)  (    0.424331,   -0.739087)  (    0.529372,   -0.736557)
  (    0.213736,    0.666472)  (    0.177914,    0.633856)  (    0.213736,    0.666472)
  (   -0.269343,    0.323898)  (   -0.258254,    0.329038)  (   -0.269343,    0.323898)
  (   -0.249043,    0.556527)  (   -0.218085,    0.542956)  (   -0.249043,    0.556527)
  (    0.453147,    0.027778)  (    0.470046,    0.031151)  (    0.453147,    0.027778)
  (    0.362111,    0.592360)  (    0.312474,    0.588026)  (    0.362111,    0.592360)
  (    0.234039,   -0.930972)  (    0.170955,   -0.841757)  (    0.234039,   -0.930972)
  (    0.248668,   -0.298212)  (    0.240015,   -0.302383)  (    0.248668,   -0.298212)
  (    0.428849,   -0.129519)  (    0.438440,   -0.142566)  (    0.428849,   -0.129519)
  (   -0.881173,    0.405804)  (   -0.849273,    0.581102)  (   -0.881173,    0.405804)

c8_asinh_test
  c8_asinh computes the inverse sine of a C8.

       C1=c8_uniform_01          C2=c8_asinh(C1)            C3=sinh(C2)
     ---------------------     ---------------------     ---------------------

  (   -0.699927,   -0.173011)  (   -0.658406,   -0.141743)  (   -0.699927,   -0.173011)
  (   -0.867645,    0.155017)  (   -0.789129,    0.117009)  (   -0.867645,    0.155017)
  (    0.013078,   -0.081467)  (    0.013121,   -0.081550)  (    0.013078,   -0.081467)
  (    0.146927,    0.725046)  (    0.207092,    0.789174)  (    0.146927,    0.725046)
  (    0.184923,   -0.803464)  (    0.286727,   -0.881245)  (    0.184923,   -0.803464)
  (   -0.807623,   -0.543788)  (   -0.797167,   -0.419556)  (   -0.807623,   -0.543788)
  (    0.086738,    0.442959)  (    0.096489,    0.456607)  (    0.086738,    0.442959)
  (    0.335140,   -0.801684)  (    0.466926,   -0.806089)  (    0.335140,   -0.801684)
  (    0.237564,    0.566733)  (    0.279736,    0.576699)  (    0.237564,    0.566733)
  (   -0.202846,    0.723513)  (   -0.278961,    0.770154)  (   -0.202846,    0.723513)

c8_atan_test
  c8_atan computes the inverse tangent of a C8.

       C1=c8_uniform_01          C2=c8_atan(C1)             C3=c8_tan(C2)
     ---------------------     ---------------------     ---------------------

  (    0.878824,    0.427726)  (    0.772680,    0.234573)  (    0.878824,    0.427726)
  (   -0.626855,    0.008136)  (   -0.559953,    0.005841)  (   -0.626855,    0.008136)
  (    0.609096,    0.638833)  (    0.695708,    0.451908)  (    0.609096,    0.638833)
  (    0.521354,   -0.146548)  (    0.487574,   -0.115317)  (    0.521354,   -0.146548)
  (   -0.192299,   -0.894661)  (   -0.585400,   -1.080829)  (   -0.192299,   -0.894661)
  (    0.327787,    0.173884)  (    0.325013,    0.157887)  (    0.327787,    0.173884)
  (   -0.265485,   -0.630148)  (   -0.392013,   -0.644309)  (   -0.265485,   -0.630148)
  (    0.540826,    0.045730)  (    0.496450,    0.035383)  (    0.540826,    0.045730)
  (    0.730736,    0.131029)  (    0.636407,    0.085290)  (    0.730736,    0.131029)
  (   -0.673444,    0.076654)  (   -0.594556,    0.052719)  (   -0.673444,    0.076654)

c8_atanh_test
  c8_atanh computes the inverse hyperbolic tangent of a C8.

       C1=c8_uniform_01          C2=c8_atanh(C1)             C3=c8_tanh(C2)
     ---------------------     ---------------------     ---------------------

  (   -0.338439,   -0.418689)  (   -0.291455,   -0.433711)  (   -0.338439,   -0.418689)
  (    0.657090,   -0.174225)  (    0.733014,   -0.287422)  (    0.657090,   -0.174225)
  (   -0.606530,   -0.055027)  (   -0.698865,   -0.086593)  (   -0.606530,   -0.055027)
  (    0.718228,   -0.688761)  (    0.455643,   -0.781857)  (    0.718228,   -0.688761)
  (   -0.666699,    0.187467)  (   -0.739203,    0.312182)  (   -0.666699,    0.187467)
  (    0.201348,   -0.204474)  (    0.195404,   -0.209614)  (    0.201348,   -0.204474)
  (   -0.353166,    0.244909)  (   -0.343622,    0.270500)  (   -0.353166,    0.244909)
  (    0.472748,    0.787700)  (    0.283228,    0.736036)  (    0.472748,    0.787700)
  (    0.618990,   -0.489111)  (    0.501756,   -0.601196)  (    0.618990,   -0.489111)
  (   -0.993560,   -0.072849)  (   -1.653031,   -0.759574)  (   -0.993560,   -0.072849)

c8_conj_test
  c8_conj computes the conjugate of a C8.

       C1=c8_uniform_01          C2=c8_conj(C1)             C3=c8_conj(C2)
     ---------------------     ---------------------     ---------------------

  (    0.083675,   -0.572349)  (    0.083675,    0.572349)  (    0.083675,   -0.572349)
  (   -0.358605,   -0.222268)  (   -0.358605,    0.222268)  (   -0.358605,   -0.222268)
  (    0.532353,    0.552364)  (    0.532353,   -0.552364)  (    0.532353,    0.552364)
  (   -0.579703,   -0.362796)  (   -0.579703,    0.362796)  (   -0.579703,   -0.362796)
  (    0.183507,    0.826731)  (    0.183507,   -0.826731)  (    0.183507,    0.826731)
  (   -0.790904,   -0.329198)  (   -0.790904,    0.329198)  (   -0.790904,   -0.329198)
  (    0.663670,    0.405665)  (    0.663670,   -0.405665)  (    0.663670,    0.405665)
  (    0.570449,   -0.216618)  (    0.570449,    0.216618)  (    0.570449,   -0.216618)
  (   -0.045706,   -0.943217)  (   -0.045706,    0.943217)  (   -0.045706,   -0.943217)
  (    0.671156,    0.339869)  (    0.671156,   -0.339869)  (    0.671156,    0.339869)

c8_cos_test
  c8_cos computes the cosine of a C8.

       C1=c8_uniform_01          C2=c8_cos(C1)             C3=c8_acos(C2)
     ---------------------     ---------------------     ---------------------

  (   -0.360860,   -0.566811)  (    1.089952,   -0.211019)  (    0.360860,    0.566811)
  (   -0.319615,    0.723282)  (    1.208694,    0.247595)  (    0.319615,   -0.723282)
  (   -0.569542,   -0.048295)  (    0.843131,   -0.026053)  (    0.569542,    0.048295)
  (   -0.797220,   -0.241734)  (    0.719212,   -0.174630)  (    0.797220,    0.241734)
  (   -0.826675,    0.317341)  (    0.711718,    0.237400)  (    0.826675,   -0.317341)
  (   -0.112478,    0.430090)  (    1.087011,    0.049776)  (    0.112478,   -0.430090)
  (    0.107397,   -0.659806)  (    1.218622,    0.075969)  (    0.107397,   -0.659806)
  (   -0.985385,    0.005948)  (    0.552552,    0.004957)  (    0.985385,   -0.005948)
  (   -0.207389,    0.337361)  (    1.034789,    0.070790)  (    0.207389,   -0.337361)
  (   -0.250632,   -0.218709)  (    0.992018,   -0.054677)  (    0.250632,    0.218709)

c8_cosh_test
  c8_cosh computes the cosine of a C8.

       C1=c8_uniform_01          C2=c8_cosh(C1)             C3=c8_acosh(C2)
     ---------------------     ---------------------     ---------------------

  (    0.282915,    0.021222)  (    1.040054,    0.006084)  (    0.282915,    0.021222)
  (    0.534346,    0.222521)  (    1.117932,    0.123617)  (    0.534346,    0.222521)
  (   -0.017360,   -0.525310)  (    0.865299,    0.008706)  (    0.017360,    0.525310)
  (    0.398938,    0.666180)  (    0.849584,    0.253131)  (    0.398938,    0.666180)
  (    0.394801,    0.332384)  (    1.019897,    0.132196)  (    0.394801,    0.332384)
  (   -0.694336,    0.277959)  (    1.202880,   -0.206203)  (   -0.694336,    0.277959)
  (    0.635327,   -0.075546)  (    1.205253,   -0.051242)  (   -0.635327,    0.075546)
  (   -0.668419,    0.462722)  (    1.102296,   -0.321092)  (   -0.668419,    0.462722)
  (    0.045698,    0.186085)  (    0.983762,    0.008458)  (    0.045698,    0.186085)
  (    0.203742,   -0.325558)  (    0.967206,   -0.065616)  (   -0.203742,    0.325558)

c8_cube_root_test
  c8_cube_root computes the cube root of a C8.

       C1=c8_uniform_01          C2=c8_cube_root(C1)             C3=C2*C2*C2
     ---------------------     ---------------------     ---------------------

  (   -0.175908,   -0.164422)  (    0.434934,   -0.444828)  (   -0.175908,   -0.164422)
  (   -0.288962,   -0.295368)  (    0.528594,   -0.524745)  (   -0.288962,   -0.295368)
  (    0.166548,   -0.240546)  (    0.629801,   -0.209923)  (    0.166548,   -0.240546)
  (   -0.240990,   -0.253294)  (    0.502254,   -0.493989)  (   -0.240990,   -0.253294)
  (   -0.882686,    0.359132)  (    0.597422,    0.781965)  (   -0.882686,    0.359132)
  (    0.137357,   -0.647552)  (    0.783263,   -0.382159)  (    0.137357,   -0.647552)
  (    0.328197,   -0.556027)  (    0.813127,   -0.293004)  (    0.328197,   -0.556027)
  (    0.526919,   -0.492579)  (    0.868813,   -0.222377)  (    0.526919,   -0.492579)
  (   -0.755568,    0.021744)  (    0.463009,    0.784483)  (   -0.755568,    0.021744)
  (    0.133914,   -0.043813)  (    0.517471,   -0.054743)  (    0.133914,   -0.043813)

c8_div_test
  c8_div divides two C8s.

       C1=c8_uniform_01          C2=c8_uniform_01          C3=c8_div(C1,C2)      C4=C1/C2
     ---------------------     ---------------------     ---------------------     ---------------------

  (    0.871654,   -0.363598)  (   -0.294961,   -0.568500)  (   -0.122865,    1.469505)  (   -0.122865,    1.469505)
  (    0.399434,    0.227552)  (    0.649700,    0.727915)  (    0.446601,   -0.150124)  (    0.446601,   -0.150124)
  (    0.073792,    0.688110)  (   -0.607388,    0.555387)  (    0.498021,   -0.677517)  (    0.498021,   -0.677517)
  (    0.179907,    0.949620)  (    0.107436,    0.104165)  (    5.280536,    3.719203)  (    5.280536,    3.719203)
  (    0.931520,   -0.224924)  (   -0.225275,   -0.134252)  (   -2.612255,    2.555210)  (   -2.612255,    2.555210)
  (   -0.220200,    0.806159)  (   -0.926404,   -0.156737)  (    0.087947,   -0.885083)  (    0.087947,   -0.885083)
  (   -0.430327,   -0.317192)  (    0.728131,   -0.185595)  (   -0.450684,   -0.550501)  (   -0.450684,   -0.550501)
  (   -0.285511,   -0.518869)  (    0.804916,    0.364845)  (   -0.536643,   -0.401380)  (   -0.536643,   -0.401380)
  (    0.120114,    0.929239)  (   -0.456112,    0.708229)  (    0.850206,   -0.717146)  (    0.850206,   -0.717146)
  (    0.370732,    0.743595)  (    0.787731,   -0.310005)  (    0.085845,    0.977755)  (    0.085845,    0.977755)

c8_div_r8_test
  c8_div_r8 divides a C8 by an R8.

       C1=c8_uniform_01          R2=R8_uniform_01          C3=c8_div_r8(C1,RC2)      C4=C1/R2
     ---------------------     ---------------------     ---------------------     ---------------------

  (    0.981605,    0.089050)       0.492292               (    1.993949,    0.180889)  (    1.993949,    0.180889)
  (    0.329570,    0.047380)       0.530823               (    0.620866,    0.089257)  (    0.620866,    0.089257)
  (   -0.028224,    0.484087)       0.969848               (   -0.029101,    0.499137)  (   -0.029101,    0.499137)
  (   -0.122741,    0.846617)       0.752568               (   -0.163097,    1.124970)  (   -0.163097,    1.124970)
  (    0.543475,   -0.092700)       0.687618               (    0.790374,   -0.134813)  (    0.790374,   -0.134813)
  (    0.523960,   -0.702761)       0.079362               (    6.602124,   -8.855090)  (    6.602124,   -8.855090)
  (    0.823781,   -0.561122)       0.590456               (    1.395160,   -0.950318)  (    1.395160,   -0.950318)
  (    0.777559,    0.332959)       0.314529               (    2.472136,    1.058596)  (    2.472136,    1.058596)
  (    0.590082,    0.324100)       0.909051               (    0.649119,    0.356526)  (    0.649119,    0.356526)
  (   -0.378624,   -0.244260)       0.446348               (   -0.848270,   -0.547240)  (   -0.848270,   -0.547240)

c8_exp_test
  c8_exp computes the exponential of a C8.

       C1=c8_uniform_01          C2=c8_exp(C1)             C3=c8_log(C2)
     ---------------------     ---------------------     ---------------------

  (    0.083775,    0.840279)  (    0.725562,    0.809916)  (    0.083775,    0.840279)
  (    0.313160,   -0.232399)  (    1.330971,   -0.315007)  (    0.313160,   -0.232399)
  (    0.667581,    0.425282)  (    1.775858,    0.804326)  (    0.667581,    0.425282)
  (    0.298393,    0.503655)  (    1.180341,    0.650436)  (    0.298393,    0.503655)
  (   -0.741621,    0.250450)  (    0.461480,    0.118056)  (   -0.741621,    0.250450)
  (    0.317753,    0.149178)  (    1.358776,    0.204216)  (    0.317753,    0.149178)
  (   -0.017171,   -0.536771)  (    0.844734,   -0.502658)  (   -0.017171,   -0.536771)
  (   -0.613483,    0.528404)  (    0.467613,    0.272981)  (   -0.613483,    0.528404)
  (    0.372191,    0.642700)  (    1.161425,    0.869615)  (    0.372191,    0.642700)
  (    0.155501,    0.310697)  (    1.112309,    0.357158)  (    0.155501,    0.310697)

c8_i_test
  c8_i returns the value of the imaginary unit.

  C1=c8_i ( ) = (0,1)

  C2= C1 * C1 = (-1,0)

c8_imag_test
  c8_imag computes the imaginary part of a C8.

       C1=c8_uniform_01          R2=c8_imag(C1)         R3=C1.Imag
     ---------------------     ---------------------  ------------

  (   -0.027831,   -0.176830)     -0.176830               -0.176830
  (    0.619158,   -0.481824)     -0.481824               -0.481824
  (    0.252480,   -0.357106)     -0.357106               -0.357106
  (    0.191525,    0.710861)      0.710861                0.710861
  (    0.859928,    0.369140)      0.369140                0.369140
  (   -0.333170,    0.842090)      0.842090                0.842090
  (   -0.139163,    0.913033)      0.913033                0.913033
  (   -0.690803,    0.461480)      0.461480                0.461480
  (   -0.479524,   -0.850979)     -0.850979               -0.850979
  (   -0.309814,    0.605307)      0.605307                0.605307

c8_inv_test
  c8_inv computes the inverse of a C8.

       C1=c8_uniform_01          C2=c8_inv(C1)             C3=c8_inv(C2)
     ---------------------     ---------------------     ---------------------

  (    0.656519,   -0.175687)  (    1.421396,    0.380370)  (    0.656519,   -0.175687)
  (    0.656711,   -0.500849)  (    0.962751,    0.734255)  (    0.656711,   -0.500849)
  (    0.763369,   -0.507883)  (    0.908040,    0.604135)  (    0.763369,   -0.507883)
  (   -0.774982,    0.040461)  (   -1.286844,   -0.067185)  (   -0.774982,    0.040461)
  (   -0.301953,   -0.880993)  (   -0.348143,    1.015760)  (   -0.301953,   -0.880993)
  (    0.037123,    0.647796)  (    0.088175,   -1.538643)  (    0.037123,    0.647796)
  (    0.689252,    0.398889)  (    1.086839,   -0.628983)  (    0.689252,    0.398889)
  (    0.251341,   -0.900047)  (    0.287820,    1.030678)  (    0.251341,   -0.900047)
  (    0.372514,   -0.121360)  (    2.426882,    0.790644)  (    0.372514,   -0.121360)
  (   -0.558424,    0.109268)  (   -1.724718,   -0.337478)  (   -0.558424,    0.109268)

c8_le_l1_test
  c8_le_l1 evalues (C1 <= C2) using the L1 norm.

       C1=c8_uniform_01          C2=c8_uniform_01          L3=c8_le_l1(C1,C2)
     ---------------------     ---------------------     ---------------------

  (    0.611934,    0.756871)  (    0.281906,   -0.496199)  False
  (    0.148087,    0.444271)  (   -0.114298,    0.461642)  False
  (    0.829965,    0.246404)  (    0.728149,    0.228615)  False
  (   -0.327237,   -0.222204)  (    0.092816,   -0.927548)  True
  (    0.332723,    0.493488)  (   -0.507539,    0.234956)  False
  (    0.639058,    0.142015)  (   -0.363303,   -0.646403)  True
  (    0.859505,    0.393047)  (    0.649833,    0.426923)  False
  (    0.362984,   -0.393217)  (   -0.036816,   -0.900968)  True
  (    0.305529,   -0.700994)  (    0.360643,   -0.776865)  True
  (   -0.677035,    0.065795)  (    0.849986,   -0.467665)  True

c8_le_l2_test
  c8_le_l2 evalues (C1 <= C2) using the L2 norm.

       C1=c8_uniform_01          C2=c8_uniform_01          L3=c8_le_l2(C1,C2)
     ---------------------     ---------------------     ---------------------

  (    0.052180,   -0.672177)  (   -0.426091,    0.641995)  True
  (    0.680762,    0.062595)  (    0.312640,   -0.510807)  False
  (   -0.295594,   -0.505552)  (   -0.045945,   -0.166573)  False
  (    0.409394,   -0.836381)  (    0.812178,    0.431624)  False
  (   -0.775193,   -0.233548)  (   -0.874208,    0.193058)  True
  (    0.206419,   -0.627752)  (    0.110737,    0.759443)  True
  (    0.227374,   -0.060958)  (    0.598444,   -0.454132)  True
  (   -0.471566,    0.738066)  (   -0.490514,   -0.791871)  True
  (    0.356113,    0.780260)  (    0.475097,    0.235616)  False
  (   -0.344088,    0.622688)  (    0.823571,   -0.231215)  True

c8_le_li_test
  c8_le_li evalues (C1 <= C2) using the Loo norm.

       C1=c8_uniform_01          C2=c8_uniform_01          L3=c8_le_li(C1,C2)
     ---------------------     ---------------------     ---------------------

  (   -0.523658,   -0.180846)  (    0.105945,    0.092555)  False
  (   -0.880235,    0.467648)  (    0.784741,    0.104090)  False
  (    0.581905,    0.634814)  (    0.049759,    0.675981)  True
  (    0.022426,    0.065722)  (    0.636080,   -0.010821)  True
  (    0.009373,    0.487183)  (   -0.456686,    0.606289)  True
  (   -0.391298,   -0.396107)  (   -0.686962,    0.341540)  True
  (   -0.837220,   -0.354640)  (   -0.467220,    0.326920)  False
  (   -0.373326,    0.730333)  (   -0.030787,   -0.730497)  True
  (    0.704767,    0.468197)  (   -0.133425,    0.012330)  False
  (   -0.293260,    0.950314)  (   -0.015156,    0.873993)  False

c8_log_test
  c8_log computes the logarithm of a C8.

       C1=c8_uniform_01          C2=c8_log(C1)             C3=c8_exp(C2)
     ---------------------     ---------------------     ---------------------

  (   -0.209584,    0.647804)  (   -0.384393,    1.883698)  (   -0.209584,    0.647804)
  (    0.673536,    0.204031)  (   -0.351316,    0.294139)  (    0.673536,    0.204031)
  (    0.134427,   -0.279284)  (   -1.171339,   -1.122199)  (    0.134427,   -0.279284)
  (   -0.353227,   -0.442933)  (   -0.568222,   -2.243995)  (   -0.353227,   -0.442933)
  (    0.402970,    0.527782)  (   -0.409424,    0.918701)  (    0.402970,    0.527782)
  (   -0.422326,    0.095430)  (   -0.837077,    2.919362)  (   -0.422326,    0.095430)
  (    0.729031,   -0.174810)  (   -0.288087,   -0.235341)  (    0.729031,   -0.174810)
  (   -0.063436,   -0.939215)  (   -0.060435,   -1.638236)  (   -0.063436,   -0.939215)
  (   -0.055060,   -0.469302)  (   -0.749673,   -1.687585)  (   -0.055060,   -0.469302)
  (   -0.087919,    0.510501)  (   -0.657748,    1.741344)  (   -0.087919,    0.510501)

c8_mag_test
  c8_mag computes the magnitude of a C8.

       C1=c8_uniform_01          R2=c8_mag(C1)             R3=NP.ABSOLUTE(C1)
     ---------------------     ---------------------     ---------------------

  (    0.265710,   -0.505723)      0.571277                0.571277
  (   -0.246759,    0.026345)      0.248161                0.248161
  (    0.441979,   -0.028489)      0.442896                0.442896
  (    0.506998,   -0.034539)      0.508173                0.508173
  (    0.498846,    0.842884)      0.979439                0.979439
  (    0.078986,   -0.734789)      0.739022                0.739022
  (    0.072687,   -0.021464)      0.075790                0.075790
  (    0.904325,    0.058468)      0.906213                0.906213
  (    0.588411,    0.555579)      0.809256                0.809256
  (    0.089153,    0.800814)      0.805762                0.805762

c8_mul_test
  c8_mul multiplies two C8s.

       C1=c8_uniform_01          C2=c8_uniform_01          C3=c8_mul(C1,C2)      C4=C1*C2
     ---------------------     ---------------------     ---------------------     ---------------------

  (   -0.865747,    0.245939)  (    0.175140,   -0.659477)  (    0.010564,    0.614014)  (    0.010564,    0.614014)
  (   -0.849383,   -0.353422)  (   -0.066678,    0.152727)  (    0.110612,   -0.106158)  (    0.110612,   -0.106158)
  (   -0.598622,   -0.328519)  (    0.106675,    0.122413)  (   -0.023643,   -0.108324)  (   -0.023643,   -0.108324)
  (   -0.928574,   -0.134927)  (    0.200444,   -0.269756)  (   -0.222524,    0.223443)  (   -0.222524,    0.223443)
  (    0.021162,   -0.737133)  (   -0.149226,   -0.106615)  (   -0.081747,    0.107743)  (   -0.081747,    0.107743)
  (   -0.566505,    0.386077)  (    0.151504,    0.594352)  (   -0.315293,   -0.278211)  (   -0.315293,   -0.278211)
  (   -0.371373,    0.637188)  (    0.371356,    0.072127)  (   -0.183870,    0.209838)  (   -0.183870,    0.209838)
  (   -0.177820,    0.489929)  (   -0.047017,   -0.063582)  (    0.039511,   -0.011729)  (    0.039511,   -0.011729)
  (   -0.163039,    0.441688)  (   -0.122696,    0.917542)  (   -0.385263,   -0.203789)  (   -0.385263,   -0.203789)
  (    0.137193,   -0.097274)  (   -0.668752,    0.613150)  (   -0.032104,    0.149172)  (   -0.032104,    0.149172)

c8_nint_test
  c8_nint computes the nearest integer to a C8.

       C1=10*c8_uniform_01     C2=c8_nint(C1)
     ---------------------     ---------------------

  (   -0.078007,    7.961649)  (    0.000000,    8.000000)
  (   -5.209681,   -5.105178)  (   -5.000000,   -5.000000)
  (   -1.690529,   -6.877626)  (   -2.000000,   -7.000000)
  (    2.988262,   -2.626832)  (    3.000000,   -3.000000)
  (    6.803419,    2.520158)  (    7.000000,    3.000000)
  (   -4.185130,    4.809383)  (   -4.000000,    5.000000)
  (    8.840785,    0.493324)  (    9.000000,    0.000000)
  (    0.290172,   -3.364674)  (    0.000000,   -3.000000)
  (   -0.760147,    9.298491)  (   -1.000000,    9.000000)
  (   -0.003420,    4.149266)  (    0.000000,    4.000000)

c8_norm_l1_test
  c8_norm_l1 computes the L1 norm of a C8.

       C1=c8_uniform_01          R2=c8_norm_l1(C1)
     ---------------------     ---------------------

  (    0.813661,   -0.021766)      0.835427
  (    0.604955,    0.315660)      0.920615
  (    0.161649,    0.531175)      0.692824
  (    0.172165,   -0.114776)      0.286941
  (    0.896133,    0.043792)      0.939925
  (    0.747781,    0.217829)      0.965610
  (   -0.047523,    0.835758)      0.883280
  (    0.352126,   -0.860927)      1.213053
  (    0.130571,   -0.306033)      0.436604
  (   -0.567122,    0.512422)      1.079544

c8_norm_l2_test
  c8_norm_l2 computes the L2 norm of a C8.

       C1=c8_uniform_01          R2=c8_norm_l21(C1)
     ---------------------     ---------------------

  (    0.018170,    0.233500)      0.234206
  (    0.523011,    0.672754)      0.852138
  (   -0.367791,   -0.854055)      0.929882
  (   -0.686060,   -0.268135)      0.736597
  (   -0.434039,    0.094462)      0.444200
  (    0.502957,    0.534197)      0.733711
  (   -0.094270,   -0.234618)      0.252849
  (    0.282640,   -0.160762)      0.325162
  (    0.497365,    0.863040)      0.996097
  (    0.018954,   -0.410536)      0.410973

c8_norm_li_test
  c8_norm_l1 computes the Loo norm of a C8.

       C1=c8_uniform_01          R2=c8_norm_li(C1)
     ---------------------     ---------------------

  (   -0.504756,    0.728024)      0.728024
  (    0.413513,    0.372807)      0.413513
  (    0.196074,   -0.136913)      0.196074
  (    0.655342,    0.430326)      0.655342
  (   -0.564291,   -0.509862)      0.564291
  (   -0.457771,   -0.407157)      0.457771
  (   -0.526293,   -0.110358)      0.526293
  (   -0.096176,   -0.349903)      0.349903
  (   -0.701607,   -0.662741)      0.701607
  (   -0.301006,   -0.809915)      0.809915

c8_normal_01_test
  Python version: 3.10.12
  c8_normal_01 computes pseudonormal complex values.

       1  ( 1.026606, -0.262471 )
       2  ( 0.646002, -0.432360 )
       3  ( 0.147131, -0.894632 )
       4  ( 0.192140, -0.028888 )
       5  ( -0.348740, -0.417962 )
       6  ( -2.311178, -1.565247 )
       7  ( -1.083804, -0.225841 )
       8  ( -0.849151, 1.314989 )
       9  ( 0.161089, 1.590029 )
      10  ( -0.363930, 0.338266 )

c8_one_test
  Python version: 3.10.12
  c8_one returns the value of one as a C8

  C1=c8_one ( ) = (1,0)

  C2= C1 + C1 = (2,0)

c8_print_test
  c8_print prints a C8.

  zero:  ( 0, 0 )
  One:  ( 1, 0 )
  Pi:  ( 3.14159, 0 )
  i:  ( 0, 1 )
  1+2i:  ( 1, 2 )
 -12.34 + 56.78i:  ( -12.34, 56.78 )
  1E-3 + 2E-6i  ( 0.001, 2e-06 )
  3E8 - 4.5E9i:  ( 3e+08, -4.5e+09 )

c8_real_test
  c8_real computes the real part of a C8.

       C1=c8_uniform_01          R2=c8_real(C1)         R3=C1.real
     ---------------------     ---------------------  ------------

  (    0.124171,   -0.210353)      0.124171                0.124171
  (    0.802318,   -0.285787)      0.802318                0.802318
  (   -0.474484,   -0.381431)     -0.474484               -0.474484
  (   -0.185873,    0.778250)     -0.185873               -0.185873
  (   -0.547710,    0.219543)     -0.547710               -0.547710
  (   -0.536694,    0.347144)     -0.536694               -0.536694
  (    0.154422,    0.527196)      0.154422                0.154422
  (   -0.774773,    0.268116)     -0.774773               -0.774773
  (    0.380530,   -0.464010)      0.380530                0.380530
  (    0.180932,   -0.530721)      0.180932                0.180932

c8_sin_test
  c8_sin computes the sine of a C8.

       C1=c8_uniform_01          C2=c8_sin(C1)             C3=c8_asin(C2)
     ---------------------     ---------------------     ---------------------

  (   -0.842240,    0.291568)  (   -0.778077,    0.196886)  (   -0.842240,    0.291568)
  (    0.814120,   -0.084418)  (    0.729714,   -0.058023)  (    0.814120,   -0.084418)
  (   -0.749450,    0.116132)  (   -0.685835,    0.085207)  (   -0.749450,    0.116132)
  (   -0.168623,    0.198923)  (   -0.171157,    0.197397)  (   -0.168623,    0.198923)
  (   -0.968277,   -0.101370)  (   -0.828147,   -0.057547)  (   -0.968277,   -0.101370)
  (   -0.830573,   -0.296414)  (   -0.770991,   -0.202858)  (   -0.830573,   -0.296414)
  (   -0.280598,   -0.599638)  (   -0.328227,   -0.611342)  (   -0.280598,   -0.599638)
  (   -0.195007,    0.801658)  (   -0.259445,    0.873450)  (   -0.195007,    0.801658)
  (   -0.235831,    0.501531)  (   -0.263658,    0.508351)  (   -0.235831,    0.501531)
  (    0.549153,   -0.546827)  (    0.601968,   -0.490020)  (    0.549153,   -0.546827)

c8_sinh_test
  c8_sinh computes the hyperbolic sine of a C8.

       C1=c8_uniform_01          C2=c8_sinh(C1)             C3=c8_asinh(C2)
     ---------------------     ---------------------     ---------------------

  (    0.594486,   -0.719466)  (    0.473954,   -0.778900)  (    0.594486,   -0.719466)
  (    0.175373,    0.477103)  (    0.156589,    0.466288)  (    0.175373,    0.477103)
  (   -0.799046,    0.467617)  (   -0.791624,    0.602481)  (   -0.799046,    0.467617)
  (   -0.236565,    0.139479)  (   -0.236459,    0.142936)  (   -0.236565,    0.139479)
  (    0.692415,   -0.627142)  (    0.606539,   -0.733219)  (    0.692415,   -0.627142)
  (   -0.653402,   -0.249307)  (   -0.679229,   -0.301302)  (   -0.653402,   -0.249307)
  (    0.165851,   -0.401816)  (    0.153342,   -0.396481)  (    0.165851,   -0.401816)
  (   -0.811378,   -0.508977)  (   -0.788872,   -0.656678)  (   -0.811378,   -0.508977)
  (   -0.110233,   -0.251606)  (   -0.106979,   -0.250474)  (   -0.110233,   -0.251606)
  (   -0.480091,   -0.628234)  (   -0.403519,   -0.656759)  (   -0.480091,   -0.628234)

c8_sqrt_test
  c8_sqrt computes the square root of a C8.

       C1=c8_uniform_01          C2=c8_sqrt(C1)             C3=C2*C2
     ---------------------     ---------------------     ---------------------

  (   -0.296450,   -0.636233)  (    0.450254,   -0.706526)  (   -0.296450,   -0.636233)
  (    0.845610,   -0.050128)  (    0.919974,   -0.027244)  (    0.845610,   -0.050128)
  (   -0.575685,   -0.578842)  (    0.346909,   -0.834285)  (   -0.575685,   -0.578842)
  (    0.039874,    0.795233)  (    0.646570,    0.614962)  (    0.039874,    0.795233)
  (    0.452748,    0.511488)  (    0.753601,    0.339363)  (    0.452748,    0.511488)
  (   -0.734231,    0.070642)  (    0.041173,    0.857862)  (   -0.734231,    0.070642)
  (   -0.800202,    0.416982)  (    0.225972,    0.922640)  (   -0.800202,    0.416982)
  (    0.043930,    0.967212)  (    0.711386,    0.679808)  (    0.043930,    0.967212)
  (   -0.270232,    0.111628)  (    0.105233,    0.530383)  (   -0.270232,    0.111628)
  (    0.117210,    0.480402)  (    0.553039,    0.434329)  (    0.117210,    0.480402)

c8_tan_test
  c8_tan computes the tangent of a C8.

       C1=c8_uniform_01          C2=c8_tan(C1)             C3=c8_atan(C2)
     ---------------------     ---------------------     ---------------------

  (   -0.901476,    0.242693)  (   -1.093384,    0.567011)  (   -0.901476,    0.242693)
  (   -0.863171,    0.328467)  (   -0.924390,    0.659861)  (   -0.863171,    0.328467)
  (   -0.084317,    0.002791)  (   -0.084516,    0.002811)  (   -0.084317,    0.002791)
  (    0.577793,    0.396599)  (    0.527454,    0.506702)  (    0.577793,    0.396599)
  (    0.635794,    0.396123)  (    0.587916,    0.540045)  (    0.635794,    0.396123)
  (   -0.754397,    0.505560)  (   -0.616780,    0.736885)  (   -0.754397,    0.505560)
  (   -0.182128,   -0.786246)  (   -0.103338,   -0.668767)  (   -0.182128,   -0.786246)
  (   -0.100488,   -0.439102)  (   -0.083493,   -0.416376)  (   -0.100488,   -0.439102)
  (   -0.498437,   -0.375320)  (   -0.456862,   -0.447814)  (   -0.498437,   -0.375320)
  (   -0.157655,    0.973174)  (   -0.068554,    0.758270)  (   -0.157655,    0.973174)

c8_tanh_test
  c8_tanh computes the hyperbolic tangent of a C8.

       C1=c8_uniform_01          C2=c8_tanh(C1)             C3=c8_atanh(C2)
     ---------------------     ---------------------     ---------------------

  (    0.240274,    0.212907)  (    0.246133,    0.203638)  (    0.240274,    0.212907)
  (   -0.376369,    0.516062)  (   -0.456294,    0.474265)  (   -0.376369,    0.516062)
  (   -0.579630,   -0.748653)  (   -0.787759,   -0.546745)  (   -0.579630,   -0.748653)
  (    0.379613,   -0.598124)  (    0.500125,   -0.557899)  (    0.379613,   -0.598124)
  (    0.443723,   -0.094490)  (    0.419813,   -0.078192)  (    0.443723,   -0.094490)
  (   -0.126063,    0.636676)  (   -0.192301,    0.721561)  (   -0.126063,    0.636676)
  (   -0.278227,    0.308505)  (   -0.296596,    0.293040)  (   -0.278227,    0.308505)
  (   -0.154877,   -0.588161)  (   -0.219680,   -0.644385)  (   -0.154877,   -0.588161)
  (    0.497813,    0.181430)  (    0.472518,    0.143539)  (    0.497813,    0.181430)
  (    0.479912,    0.682230)  (    0.654615,    0.575090)  (    0.479912,    0.682230)

c8_to_cartesian_test
  c8_to_cartesian computes the cartesian form of a C8.

       C1=c8_uniform_01       (X2,Y2)=c8_to_cartesian(C1)    C3=cartesian_to_c8(X2,Y2)
     ---------------------     ---------------------     ---------------------

  (   -0.164239,    0.456603)  (   -0.164239,    0.456603)  (   -0.164239,    0.456603)
  (   -0.466111,    0.850659)  (   -0.466111,    0.850659)  (   -0.466111,    0.850659)
  (    0.356776,   -0.115305)  (    0.356776,   -0.115305)  (    0.356776,   -0.115305)
  (    0.444108,    0.053691)  (    0.444108,    0.053691)  (    0.444108,    0.053691)
  (   -0.145506,   -0.618753)  (   -0.145506,   -0.618753)  (   -0.145506,   -0.618753)
  (    0.754813,   -0.580506)  (    0.754813,   -0.580506)  (    0.754813,   -0.580506)
  (   -0.279973,   -0.679876)  (   -0.279973,   -0.679876)  (   -0.279973,   -0.679876)
  (   -0.593963,   -0.423621)  (   -0.593963,   -0.423621)  (   -0.593963,   -0.423621)
  (   -0.370396,   -0.307957)  (   -0.370396,   -0.307957)  (   -0.370396,   -0.307957)
  (   -0.389934,   -0.022591)  (   -0.389934,   -0.022591)  (   -0.389934,   -0.022591)

c8_to_polar_test
  c8_to_polar computes the polar form of a C8.

       C1=c8_uniform_01       (R2,T2)=c8_to_polar(C1)    C3=polar_to_c8(R2,T2)
     ---------------------     ---------------------     ---------------------

  (   -0.068064,   -0.433132)  (    0.438447,   -1.726666)  (   -0.068064,   -0.433132)
  (   -0.517441,    0.092079)  (    0.525570,    2.965485)  (   -0.517441,    0.092079)
  (   -0.280883,   -0.306071)  (    0.415421,   -2.313307)  (   -0.280883,   -0.306071)
  (   -0.542211,   -0.731872)  (    0.910840,   -2.208418)  (   -0.542211,   -0.731872)
  (   -0.196239,    0.371233)  (    0.419909,    2.057072)  (   -0.196239,    0.371233)
  (   -0.194901,   -0.310064)  (    0.366232,   -2.131968)  (   -0.194901,   -0.310064)
  (    0.779809,   -0.569788)  (    0.965796,   -0.631019)  (    0.779809,   -0.569788)
  (    0.436704,    0.549186)  (    0.701652,    0.898998)  (    0.436704,    0.549186)
  (   -0.786123,   -0.188283)  (    0.808356,   -2.906513)  (   -0.786123,   -0.188283)
  (    0.681544,    0.000656)  (    0.681544,    0.000963)  (    0.681544,    0.000656)

c8_uniform_01_test
  Python version: 3.10.12
  c8_uniform_01 computes pseudorandom complex values
  in the unit circle.

       0  ( 0.186087, -0.320099 )
       1  ( 0.58295, 0.731368 )
       2  ( 0.786169, -0.164277 )
       3  ( -0.251353, -0.231633 )
       4  ( -0.691645, -0.284153 )
       5  ( 0.296512, -0.201179 )
       6  ( 0.109649, 0.588755 )
       7  ( 0.284941, 0.248093 )
       8  ( -0.294857, -0.619463 )
       9  ( 0.142526, 0.739604 )

c8_zero_test
  Python version: 3.10.12
  c8_zero returns the value of zero as a C8

  C1=c8_zero ( ) = (0,0)

c8mat_identity_test
  c8mat_identity returns the complex identity matrix.

  identity matrix:

  Col:              0                           1                           2                           3              
  Row
      0 :           1             0i            0             0i            0             0i            0             0i 
      1 :           0             0i            1             0i            0             0i            0             0i 
      2 :           0             0i            0             0i            1             0i            0             0i 
      3 :           0             0i            0             0i            0             0i            1             0i 

c8mat_indicator_test
  c8mat_indicator returns the complex indicator matrix.

  indicator matrix:

  Col:              0                           1                           2              
  Row
      0 :           1            -1i            1            -2i            1            -3i 
      1 :           2            -1i            2            -2i            2            -3i 
      2 :           3            -1i            3            -2i            3            -3i 
      3 :           4            -1i            4            -2i            4            -3i 
      4 :           5            -1i            5            -2i            5            -3i 

c8mat_norm_fro_test
  c8mat_norm_fro computes the Frobenius norm of a C8MAT.

  The indicator matrix:

  Col:              0                           1                           2                           3              
  Row
      0 :           1            -1i            1            -2i            1            -3i            1            -4i 
      1 :           2            -1i            2            -2i            2            -3i            2            -4i 
      2 :           3            -1i            3            -2i            3            -3i            3            -4i 
      3 :           4            -1i            4            -2i            4            -3i            4            -4i 
      4 :           5            -1i            5            -2i            5            -3i            5            -4i 

  Frobenius norm = 19.2354

c8mat_norm_l1_test
  c8mat_norm_l1 computes the L1 norm of a C8MAT.

  The indicator matrix:

  Col:              0                           1                           2                           3              
  Row
      0 :           1            -1i            1            -2i            1            -3i            1            -4i 
      1 :           2            -1i            2            -2i            2            -3i            2            -4i 
      2 :           3            -1i            3            -2i            3            -3i            3            -4i 
      3 :           4            -1i            4            -2i            4            -3i            4            -4i 
      4 :           5            -1i            5            -2i            5            -3i            5            -4i 

  L1 norm = 25.6552

c8mat_norm_li_test
  c8mat_norm_li computes the Loo norm of a C8MAT.

  The indicator matrix:

  Col:              0                           1                           2                           3              
  Row
      0 :           1            -1i            1            -2i            1            -3i            1            -4i 
      1 :           2            -1i            2            -2i            2            -3i            2            -4i 
      2 :           3            -1i            3            -2i            3            -3i            3            -4i 
      3 :           4            -1i            4            -2i            4            -3i            4            -4i 
      4 :           5            -1i            5            -2i            5            -3i            5            -4i 

  Loo norm = 22.7183

c8mat_print_test
  Python version: 3.10.12
  c8mat_print prints an C8MAT.

  Here is a C8MAT:

  Col:              0                           1                           2              
  Row
      0 :          10             1i           10             2i           10             3i 
      1 :          20             1i           20             2i           20             3i 
      2 :          30             1i           30             2i           30             3i 
      3 :          40             1i           40             2i           40             3i 

c8mat_print_some_test
  Python version: 3.10.12
  c8mat_print_some prints some of an C8MAT.

  Here is a C8MAT:

  Col:              3                           4                           5              
  Row
      0 :          10             4i           10             5i           10             6i 
      1 :          20             4i           20             5i           20             6i 
      2 :          30             4i           30             5i           30             6i 

c8mat_uniform_01_test
  c8mat_uniform_01 computes a random C8MAT.

  0 <= X <= 1

  Random C8MAT:

  Col:              0                           1                           2              
  Row
      0 :   0.0333597      0.225854i     0.652836     -0.324696i    -0.608999       0.39029i 
      1 :   -0.498507     -0.509059i    -0.472076      0.489076i     0.366476     -0.135964i 
      2 :   -0.328577      0.513233i     0.390385     -0.556443i     0.673612      0.405221i 
      3 :   -0.559771      0.161148i    -0.512957      0.565934i      -0.1362    0.00571655i 
      4 :    0.293473      0.299909i    -0.468151     -0.523001i     0.290617      -0.17227i 

c8vec_indicator_test
  c8vec_indicator returns the indicator vector.

  The indicator vector:

     0             1            -1
     1             2            -2
     2             3            -3
     3             4            -4
     4             5            -5
     5             6            -6
     6             7            -7
     7             8            -8
     8             9            -9
     9            10           -10

c8vec_nint_test
  c8vec_nint rounds a C8VEC.

  The initial vector:

     0       2.55623       5.22361
     1      -1.01976       3.98715
     2       3.60756      -1.99611
     3      0.172014     -0.981908
     4       2.34337      -1.78683

  The rounded vector:

     0             3             5
     1            -1             4
     2             4            -2
     3             0            -1
     4             2            -2

c8vec_norm_l1_test
  c8vec_norm_l1 computes the L1 norm of a C8VEC.

  The indicator vector:

     0             1            -1
     1             2            -2
     2             3            -3
     3             4            -4
     4             5            -5

  L1 norm = 21.2132

c8vec_norm_l2_test
  c8vec_norm_l2 computes the L2 norm of a C8VEC.

  The indicator vector:

     0             1            -1
     1             2            -2
     2             3            -3
     3             4            -4
     4             5            -5

  L2 norm = 10.4881

c8vec_norm_li_test
  c8vec_norm_li computes the Loo norm of a C8VEC.

  The indicator vector:

     0             1            -1
     1             2            -2
     2             3            -3
     3             4            -4
     4             5            -5

  Loo norm = 7.07107

c8vec_print_test
  Python version: 3.10.12
  c8vec_print prints an C8VEC.

  Here is a C8VEC:

     0             1             2
     1             3             4
     2             5             6
     3             7             8

c8vec_print_part_test
  c8vec_print_part prints part of a C8VEC.

  Part of the C8VEC:

       0               1              -1
       1               2              -2
       2               3              -3
       3               4              -4
       4               5              -5
       5               6              -6
       6               7              -7
       7               8              -8
  ......  ..............  ..............
      99             100            -100

c8vec_sort_a_l1_test
  c8vec_sort_a_l1 sorts a C8VEC by L1 norm.

  The unsorted vector:

     0      -0.17593      0.691202
     1     -0.332612     -0.271859
     2    -0.0704028      0.765625
     3      0.116796     -0.474084
     4     -0.310558     -0.681453
     5      0.362958      0.366418
     6      -0.32034      0.634267
     7     -0.453974       0.61213
     8      0.181851     0.0525319
     9     0.0859171     -0.241604

   I                  A(I)                   ||A(I)||

   0  (      0.181851,     0.0525319)        0.234383
   1  (     0.0859171,     -0.241604)        0.327521
   2  (      0.116796,     -0.474084)        0.590879
   3  (     -0.332612,     -0.271859)        0.604471
   4  (      0.362958,      0.366418)        0.729376
   5  (    -0.0704028,      0.765625)        0.836028
   6  (      -0.17593,      0.691202)        0.867132
   7  (      -0.32034,      0.634267)        0.954606
   8  (     -0.310558,     -0.681453)        0.992011
   9  (     -0.453974,       0.61213)          1.0661

c8vec_sort_a_l2_test
  c8vec_sort_a_l2 sorts a C8VEC by L2 norm.

  The unsorted vector:

     0      0.864093      0.482834
     1    -0.0143022      0.385561
     2      0.497902      0.306987
     3     -0.376908     -0.817729
     4     -0.375726       0.11439
     5      -0.15092      0.695413
     6      0.324591     -0.887721
     7     -0.868439     -0.242918
     8      0.645079     -0.484059
     9     -0.371044      0.856327

   I                  A(I)                   ||A(I)||

   0  (    -0.0143022,      0.385561)        0.385826
   1  (     -0.375726,       0.11439)        0.392753
   2  (      0.497902,      0.306987)        0.584934
   3  (      -0.15092,      0.695413)        0.711601
   4  (      0.645079,     -0.484059)        0.806499
   5  (     -0.376908,     -0.817729)        0.900411
   6  (     -0.868439,     -0.242918)        0.901774
   7  (     -0.371044,      0.856327)        0.933257
   8  (      0.324591,     -0.887721)        0.945203
   9  (      0.864093,      0.482834)        0.989841

c8vec_sort_a_li_test
  c8vec_sort_a_li sorts a C8VEC by Loo norm.

  The unsorted vector:

     0      0.467656     -0.175785
     1      -0.79096       0.24902
     2      0.685647     -0.570997
     3      0.841339     -0.062266
     4     -0.740506     -0.015967
     5      0.150084       0.79154
     6      -0.36396     -0.750712
     7      0.803931       0.14807
     8     -0.401736      0.787072
     9    -0.0695501     -0.307452

   I                  A(I)                   ||A(I)||

   0  (    -0.0695501,     -0.307452)        0.307452
   1  (      0.467656,     -0.175785)        0.467656
   2  (      0.685647,     -0.570997)        0.685647
   3  (     -0.740506,     -0.015967)        0.740506
   4  (      -0.36396,     -0.750712)        0.750712
   5  (     -0.401736,      0.787072)        0.787072
   6  (      -0.79096,       0.24902)         0.79096
   7  (      0.150084,       0.79154)         0.79154
   8  (      0.803931,       0.14807)        0.803931
   9  (      0.841339,     -0.062266)        0.841339

c8vec_spiral_test
  c8vec_spiral returns N points on a spiral
  which includes M complete turns.

  The spiral points:

     0             5             0
     1       4.18579       2.41667
     2       2.33333       4.04145
     3   2.75546e-16           4.5
     4      -2.16667       3.75278
     5      -3.60844       2.08333
     6            -4   4.89859e-16
     7      -3.31976      -1.91667
     8      -1.83333      -3.17543
     9   -6.4294e-16          -3.5
    10       1.66667      -2.88675
    11       2.74241      -1.58333
    12             3  -7.34788e-16

c8vec_uniform_01_test
  Python version: 3.10.12
  c8vec_uniform_01 computes pseudorandom complex values
  in the unit circle.

       0  ( -0.689518, -0.181938 )
       1  ( -0.353091, -0.511326 )
       2  ( -0.264528, 0.641957 )
       3  ( 0.441577, -0.468644 )
       4  ( -0.422532, -0.448561 )
       5  ( 0.872590, 0.009170 )
       6  ( 0.522184, -0.389381 )
       7  ( -0.287077, 0.163960 )
       8  ( -0.513930, 0.274015 )
       9  ( -0.457463, -0.011319 )

c8vec_unity_test
  c8vec_unity returns the N roots of unity.

  The N roots of unity:

     0             1             0
     1      0.866025           0.5
     2           0.5      0.866025
     3   6.12323e-17             1
     4          -0.5      0.866025
     5     -0.866025           0.5
     6            -1   1.22465e-16
     7     -0.866025          -0.5
     8          -0.5     -0.866025
     9  -1.83697e-16            -1
    10           0.5     -0.866025
    11      0.866025          -0.5

cartesian_to_c8_test
  cartesian_to_c8 computes the cartesian form of a C8.

     X1,Y1=r8_uniform_01       C2=cartesian_to_c8(X1,Y1)    X3,Y3=c8_to_cartesian(C2)
     ---------------------     ---------------------     ---------------------

  (    0.421658,    0.294040)  (    0.421658,    0.294040)  (    0.421658,    0.294040)
  (    0.304209,    0.661729)  (    0.304209,    0.661729)  (    0.304209,    0.661729)
  (    0.645396,    0.385811)  (    0.645396,    0.385811)  (    0.645396,    0.385811)
  (    0.223404,    0.410586)  (    0.223404,    0.410586)  (    0.223404,    0.410586)
  (    0.153026,    0.702359)  (    0.153026,    0.702359)  (    0.153026,    0.702359)
  (    0.222815,    0.349940)  (    0.222815,    0.349940)  (    0.222815,    0.349940)
  (    0.000175,    0.641895)  (    0.000175,    0.641895)  (    0.000175,    0.641895)
  (    0.258432,    0.507844)  (    0.258432,    0.507844)  (    0.258432,    0.507844)
  (    0.515182,    0.868449)  (    0.515182,    0.868449)  (    0.515182,    0.868449)
  (    0.221024,    0.864357)  (    0.221024,    0.864357)  (    0.221024,    0.864357)

polar_to_c8_test
  polar_to_c8 computes the polar form of a C8.

     R1,T1=R8_uniform_01       C2=polar_to_c8(R1,T1)    R3,T3=c8_to_polar(C2)
     ---------------------     ---------------------     ---------------------

  (    0.534063,    3.654286)  (   -0.465396,   -0.261972)  (    0.534063,   -2.628899)
  (    0.309843,    0.136066)  (    0.306979,    0.042029)  (    0.309843,    0.136066)
  (    0.404598,    2.693561)  (   -0.364665,    0.175269)  (    0.404598,    2.693561)
  (    0.673823,    0.205226)  (    0.659682,    0.137317)  (    0.673823,    0.205226)
  (    0.802687,    5.087098)  (    0.293785,   -0.746992)  (    0.802687,   -1.196087)
  (    0.888245,    1.512089)  (    0.052116,    0.886715)  (    0.888245,    1.512089)
  (    0.446172,    4.714006)  (    0.000721,   -0.446171)  (    0.446172,   -1.569179)
  (    0.076035,    1.113127)  (    0.033597,    0.068210)  (    0.076035,    1.113127)
  (    0.072427,    2.878423)  (   -0.069933,    0.018841)  (    0.072427,    2.878423)
  (    0.046597,    1.239799)  (    0.015144,    0.044068)  (    0.046597,    1.239799)

c8lib_test():
  Normal end of execution.
Wed Oct  8 07:27:20 2025
