1.081030181680702335e-01 4.459484909159648902e-01 -7.745966692414834043e-01
4.459484909159648902e-01 1.081030181680702335e-01 -7.745966692414834043e-01
4.459484909159648902e-01 4.459484909159648902e-01 -7.745966692414834043e-01
8.168475729804585139e-01 9.157621350977074304e-02 -7.745966692414834043e-01
9.157621350977074304e-02 8.168475729804585139e-01 -7.745966692414834043e-01
9.157621350977074304e-02 9.157621350977074304e-02 -7.745966692414834043e-01
1.081030181680702335e-01 4.459484909159648902e-01 0.000000000000000000e+00
4.459484909159648902e-01 1.081030181680702335e-01 0.000000000000000000e+00
4.459484909159648902e-01 4.459484909159648902e-01 0.000000000000000000e+00
8.168475729804585139e-01 9.157621350977074304e-02 0.000000000000000000e+00
9.157621350977074304e-02 8.168475729804585139e-01 0.000000000000000000e+00
9.157621350977074304e-02 9.157621350977074304e-02 0.000000000000000000e+00
1.081030181680702335e-01 4.459484909159648902e-01 7.745966692414834043e-01
4.459484909159648902e-01 1.081030181680702335e-01 7.745966692414834043e-01
4.459484909159648902e-01 4.459484909159648902e-01 7.745966692414834043e-01
8.168475729804585139e-01 9.157621350977074304e-02 7.745966692414834043e-01
9.157621350977074304e-02 8.168475729804585139e-01 7.745966692414834043e-01
9.157621350977074304e-02 9.157621350977074304e-02 7.745966692414834043e-01
