8.738219710169955468e-01 6.308901449150222662e-02 -8.611363115940525725e-01
6.308901449150222662e-02 8.738219710169955468e-01 -8.611363115940525725e-01
6.308901449150222662e-02 6.308901449150222662e-02 -8.611363115940525725e-01
5.014265096581791425e-01 2.492867451709104287e-01 -8.611363115940525725e-01
2.492867451709104287e-01 5.014265096581791425e-01 -8.611363115940525725e-01
2.492867451709104287e-01 2.492867451709104287e-01 -8.611363115940525725e-01
5.314504984481694533e-02 3.103524510337843934e-01 -8.611363115940525725e-01
3.103524510337843934e-01 5.314504984481694533e-02 -8.611363115940525725e-01
5.314504984481694533e-02 6.365024991213986683e-01 -8.611363115940525725e-01
3.103524510337843934e-01 6.365024991213986683e-01 -8.611363115940525725e-01
6.365024991213986683e-01 5.314504984481694533e-02 -8.611363115940525725e-01
6.365024991213986683e-01 3.103524510337843934e-01 -8.611363115940525725e-01
8.738219710169955468e-01 6.308901449150222662e-02 -3.399810435848562573e-01
6.308901449150222662e-02 8.738219710169955468e-01 -3.399810435848562573e-01
6.308901449150222662e-02 6.308901449150222662e-02 -3.399810435848562573e-01
5.014265096581791425e-01 2.492867451709104287e-01 -3.399810435848562573e-01
2.492867451709104287e-01 5.014265096581791425e-01 -3.399810435848562573e-01
2.492867451709104287e-01 2.492867451709104287e-01 -3.399810435848562573e-01
5.314504984481694533e-02 3.103524510337843934e-01 -3.399810435848562573e-01
3.103524510337843934e-01 5.314504984481694533e-02 -3.399810435848562573e-01
5.314504984481694533e-02 6.365024991213986683e-01 -3.399810435848562573e-01
3.103524510337843934e-01 6.365024991213986683e-01 -3.399810435848562573e-01
6.365024991213986683e-01 5.314504984481694533e-02 -3.399810435848562573e-01
6.365024991213986683e-01 3.103524510337843934e-01 -3.399810435848562573e-01
8.738219710169955468e-01 6.308901449150222662e-02 3.399810435848562573e-01
6.308901449150222662e-02 8.738219710169955468e-01 3.399810435848562573e-01
6.308901449150222662e-02 6.308901449150222662e-02 3.399810435848562573e-01
5.014265096581791425e-01 2.492867451709104287e-01 3.399810435848562573e-01
2.492867451709104287e-01 5.014265096581791425e-01 3.399810435848562573e-01
2.492867451709104287e-01 2.492867451709104287e-01 3.399810435848562573e-01
5.314504984481694533e-02 3.103524510337843934e-01 3.399810435848562573e-01
3.103524510337843934e-01 5.314504984481694533e-02 3.399810435848562573e-01
5.314504984481694533e-02 6.365024991213986683e-01 3.399810435848562573e-01
3.103524510337843934e-01 6.365024991213986683e-01 3.399810435848562573e-01
6.365024991213986683e-01 5.314504984481694533e-02 3.399810435848562573e-01
6.365024991213986683e-01 3.103524510337843934e-01 3.399810435848562573e-01
8.738219710169955468e-01 6.308901449150222662e-02 8.611363115940525725e-01
6.308901449150222662e-02 8.738219710169955468e-01 8.611363115940525725e-01
6.308901449150222662e-02 6.308901449150222662e-02 8.611363115940525725e-01
5.014265096581791425e-01 2.492867451709104287e-01 8.611363115940525725e-01
2.492867451709104287e-01 5.014265096581791425e-01 8.611363115940525725e-01
2.492867451709104287e-01 2.492867451709104287e-01 8.611363115940525725e-01
5.314504984481694533e-02 3.103524510337843934e-01 8.611363115940525725e-01
3.103524510337843934e-01 5.314504984481694533e-02 8.611363115940525725e-01
5.314504984481694533e-02 6.365024991213986683e-01 8.611363115940525725e-01
3.103524510337843934e-01 6.365024991213986683e-01 8.611363115940525725e-01
6.365024991213986683e-01 5.314504984481694533e-02 8.611363115940525725e-01
6.365024991213986683e-01 3.103524510337843934e-01 8.611363115940525725e-01
