3.498310570689643073e-02
3.498310570689643073e-02
3.498310570689643073e-02
3.677615355236283495e-02
3.677615355236283495e-02
3.677615355236283495e-02
6.250000000000000000e-02
5.597296913103427807e-02
5.597296913103427807e-02
5.597296913103427807e-02
5.884184568378052899e-02
5.884184568378052899e-02
5.884184568378052899e-02
9.999999999999999167e-02
3.498310570689643073e-02
3.498310570689643073e-02
3.498310570689643073e-02
3.677615355236283495e-02
3.677615355236283495e-02
3.677615355236283495e-02
6.250000000000000000e-02
