8.843323515718320635e-03
8.843323515718320635e-03
8.843323515718320635e-03
2.031233592848985178e-02
2.031233592848985178e-02
2.031233592848985178e-02
1.441007403935041543e-02
1.441007403935041543e-02
1.441007403935041543e-02
1.441007403935041543e-02
1.441007403935041543e-02
1.441007403935041543e-02
1.657912966938508703e-02
1.657912966938508703e-02
1.657912966938508703e-02
3.808080193469983582e-02
3.808080193469983582e-02
3.808080193469983582e-02
2.701546376983637171e-02
2.701546376983637171e-02
2.701546376983637171e-02
2.701546376983637171e-02
2.701546376983637171e-02
2.701546376983637171e-02
1.657912966938508703e-02
1.657912966938508703e-02
1.657912966938508703e-02
3.808080193469983582e-02
3.808080193469983582e-02
3.808080193469983582e-02
2.701546376983637171e-02
2.701546376983637171e-02
2.701546376983637171e-02
2.701546376983637171e-02
2.701546376983637171e-02
2.701546376983637171e-02
8.843323515718320635e-03
8.843323515718320635e-03
8.843323515718320635e-03
2.031233592848985178e-02
2.031233592848985178e-02
2.031233592848985178e-02
1.441007403935041543e-02
1.441007403935041543e-02
1.441007403935041543e-02
1.441007403935041543e-02
1.441007403935041543e-02
1.441007403935041543e-02
