6.666666666666666297e-01 1.666666666666666574e-01 -5.773502691896257311e-01
1.666666666666666574e-01 6.666666666666666297e-01 -5.773502691896257311e-01
1.666666666666666574e-01 1.666666666666666574e-01 -5.773502691896257311e-01
0.000000000000000000e+00 5.000000000000000000e-01 -5.773502691896257311e-01
5.000000000000000000e-01 0.000000000000000000e+00 -5.773502691896257311e-01
5.000000000000000000e-01 5.000000000000000000e-01 -5.773502691896257311e-01
6.666666666666666297e-01 1.666666666666666574e-01 5.773502691896257311e-01
1.666666666666666574e-01 6.666666666666666297e-01 5.773502691896257311e-01
1.666666666666666574e-01 1.666666666666666574e-01 5.773502691896257311e-01
0.000000000000000000e+00 5.000000000000000000e-01 5.773502691896257311e-01
5.000000000000000000e-01 0.000000000000000000e+00 5.773502691896257311e-01
5.000000000000000000e-01 5.000000000000000000e-01 5.773502691896257311e-01
