7.974269853530873142e-01 1.012865073234563429e-01 -7.745966692414834043e-01
1.012865073234563429e-01 7.974269853530873142e-01 -7.745966692414834043e-01
1.012865073234563429e-01 1.012865073234563429e-01 -7.745966692414834043e-01
5.971587178976982269e-02 4.701420641051151095e-01 -7.745966692414834043e-01
4.701420641051151095e-01 5.971587178976982269e-02 -7.745966692414834043e-01
4.701420641051151095e-01 4.701420641051151095e-01 -7.745966692414834043e-01
3.333333333333333148e-01 3.333333333333333148e-01 -7.745966692414834043e-01
7.974269853530873142e-01 1.012865073234563429e-01 0.000000000000000000e+00
1.012865073234563429e-01 7.974269853530873142e-01 0.000000000000000000e+00
1.012865073234563429e-01 1.012865073234563429e-01 0.000000000000000000e+00
5.971587178976982269e-02 4.701420641051151095e-01 0.000000000000000000e+00
4.701420641051151095e-01 5.971587178976982269e-02 0.000000000000000000e+00
4.701420641051151095e-01 4.701420641051151095e-01 0.000000000000000000e+00
3.333333333333333148e-01 3.333333333333333148e-01 0.000000000000000000e+00
7.974269853530873142e-01 1.012865073234563429e-01 7.745966692414834043e-01
1.012865073234563429e-01 7.974269853530873142e-01 7.745966692414834043e-01
1.012865073234563429e-01 1.012865073234563429e-01 7.745966692414834043e-01
5.971587178976982269e-02 4.701420641051151095e-01 7.745966692414834043e-01
4.701420641051151095e-01 5.971587178976982269e-02 7.745966692414834043e-01
4.701420641051151095e-01 4.701420641051151095e-01 7.745966692414834043e-01
3.333333333333333148e-01 3.333333333333333148e-01 7.745966692414834043e-01
