Wed Oct  8 08:47:26 2025

prime_pi_test():
  python version: 3.10.12
  numpy version:  1.26.4
  Test prime_pi()

prime_pi1_test():
  Test prime_pi1()
           n          Pi(n)          prime_pi1(n)

           1           0           0
           2           1           1
           4           2           2
           8           4           4
          16           6           6
          32          11          11
          64          18          18
         128          31          31
         256          54          54
         512          97          97
        1024         172         172
        2048         309         309
        4096         564         564
        8192        1028        1028
       16384        1900        1900
       32768        3512        3512
       65536        6542        6542
      131072       12251       12251
      262144       23000       23000
      524288       43390       43390
     1048576       82025       82025

prime_pi2_test():
  Test prime_pi2()
           n          Pi(n)          prime_pi2(n)

           1           0           0
           2           1           1
           4           2           2
           8           4           4
          16           6           6
          32          11          11
          64          18          18
         128          31          31
         256          54          54
         512          97          97
        1024         172         172
        2048         309         309
        4096         564         564
        8192        1028        1028
       16384        1900        1900
       32768        3512        3512
       65536        6542        6542
      131072       12251       12251
      262144       23000       23000
      524288       43390       43390
     1048576       82025       82025
  Graphics saved as "prime_pi.png"

prime_pi_test():
  Normal end of execution.
Wed Oct  8 08:47:34 2025
