  1.67904
  0.463937
  1.61993
  2.52475
  0.331974
  -1.66951
  -1.06086
  -0.0851512
  -0.747493
  1.41342
  1.10996
  2.54148
  3.82683
  1.89077
  1.90342
  1.19938
  0.76279
  0.54236
  0.682552
  1.4244
  0.978111
  0.272988
  0.325212
  -0.429294
  0.202726
  -0.385928
  0.095594
  -0.00146446
  0.241128
  -0.101816
  0.24078
  -1.68203
  -4.40153
  -4.36964
  -2.49409
  -0.979302
  -0.548426
  -0.00922719
  -0.284401
  0.206847
  -0.610765
  -0.0580993
  -0.237974
  0.64528
  0.939717
  0.100512
  0.369841
  1.27585
  1.4479
  0.203184
  0.464244
  0.695508
  0.330723
  -0.670553
  -1.26487
  0.229231
  -0.462375
  -0.941215
  -1.20075
  -0.195274
  -0.924917
  0.72151
  2.0485
  2.66595
  3.39694
  0.998959
  -0.525928
  -1.14483
  -0.789234
  -0.673829
  -0.944487
  0.840735
  0.724634
  1.18535
  0.255524
  0.00961779
  2.8005
  1.65071
  2.03199
  2.09904
  2.51112
  1.4554
  1.80824
  2.36625
  0.478258
  1.77044
  2.45395
  2.04311
  1.2579
  2.13049
  1.48707
  0.585385
  1.98912
  1.64788
  0.589729
  1.82889
  2.46771
  -0.0738329
  0.446084
  -0.0403222
  -1.13342
  0.175401
  -0.0460976
  -1.47167
  -1.38516
  -1.61689
  -0.394516
  -0.739587
  -1.88325
  -2.15472
  -0.715294
  -1.22121
  -0.168875
  -0.195266
  1.32022
  0.483401
  1.68928
  1.29061
  -0.0876021
  -0.70144
  -3.28053
  -0.835489
  -0.609786
  -0.832297
  -2.05238
  1.19134
  0.989752
  1.55237
