  1.67904
  1.00942
  2.09461
  3.3875
  1.85491
  -0.491656
  -0.766836
  -0.210051
  -0.811857
  1.03787
  1.33345
  2.98284
  5.00121
  4.0456
  4.12204
  3.53551
  3.02656
  2.60498
  2.59456
  3.25253
  3.06859
  2.34835
  2.19068
  1.29377
  1.57966
  0.945929
  1.18868
  1.05632
  1.25281
  0.922712
  1.17512
  -0.710554
  -4.07842
  -5.54581
  -4.72491
  -3.42132
  -2.69561
  -1.932
  -1.86885
  -1.30303
  -1.85658
  -1.46127
  -1.51139
  -0.647354
  -0.0187016
  -0.543126
  -0.330665
  0.637378
  1.21899
  0.316729
  0.406659
  0.638151
  0.394582
  -0.66343
  -1.63165
  -0.63707
  -1.12219
  -1.77503
  -2.33033
  -1.66848
  -2.28703
  -0.903059
  0.831422
  2.17846
  3.65534
  2.10294
  0.366006
  -0.8697
  -1.1251
  -1.32492
  -1.81237
  -0.337643
  -0.0449334
  0.6049
  -0.0226575
  -0.3959
  2.2181
  1.98848
  2.56233
  2.96164
  3.6682
  3.02338
  3.31568
  4.0216
  2.48185
  3.3464
  4.2529
  4.26233
  3.63506
  4.37911
  4.00504
  3.08664
  4.16219
  4.15338
  3.18885
  4.13662
  5.04574
  2.95724
  2.85809
  2.20308
  0.793854
  1.47552
  1.2686
  -0.258135
  -0.815414
  -1.46536
  -0.701368
  -0.954034
  -2.24492
  -3.06217
  -2.16762
  -2.56374
  -1.73038
  -1.5454
  0.0314071
  -0.200379
  1.07792
  1.22321
  0.0824969
  -0.817758
  -3.79074
  -2.57417
  -2.34275
  -2.56224
  -3.94217
  -1.2986
  -0.784318
  0.146319
