  1.67904
  -0.139024
  1.27988
  1.80435
  -0.870182
  -2.24224
  -0.736629
  0.331012
  -0.605444
  1.7736
  0.734916
  2.07208
  2.75764
  0.112192
  0.557228
  -0.0954687
  -0.27799
  -0.261961
  0.0377292
  0.801525
  0.0948072
  -0.520319
  -0.19331
  -0.881137
  0.0710398
  -0.636031
  0.0536481
  -0.144018
  0.117012
  -0.303577
  0.139836
  -1.88364
  -3.929
  -2.65547
  -0.33572
  0.754228
  0.576325
  0.797169
  0.194006
  0.666948
  -0.378715
  0.397586
  0.0573096
  0.965769
  0.928585
  -0.133689
  0.35113
  1.2023
  1.01446
  -0.422332
  0.207946
  0.433273
  -0.0195055
  -0.913193
  -1.1137
  0.743743
  -0.366107
  -0.680193
  -0.716318
  0.477711
  -0.544244
  1.31697
  2.10405
  2.06658
  2.32981
  -0.567776
  -1.43284
  -1.34426
  -0.524744
  -0.342504
  -0.582353
  1.35799
  0.64869
  0.987894
  -0.17743
  -0.175346
  2.78044
  0.637492
  1.14203
  1.042
  1.34925
  0.0737298
  0.721213
  1.21469
  -0.914747
  1.00199
  1.38265
  0.642553
  -0.108567
  1.03859
  0.142473
  -0.600957
  1.18326
  0.436176
  -0.604323
  1.01913
  1.31529
  -1.57216
  -0.227239
  -0.678256
  -1.54409
  0.271681
  -0.247078
  -1.64514
  -1.00475
  -1.0835
  0.330996
  -0.373435
  -1.46863
  -1.29981
  0.403474
  -0.517748
  0.64095
  0.254146
  1.68226
  0.233056
  1.54267
  0.68
  -0.732122
  -0.883591
  -3.12795
  0.42054
  0.120344
  -0.261512
  -1.43878
  2.29177
  1.04891
  1.38999
