  1.67904
  0.266289
  1.48669
  2.26468
  -0.106534
  -1.92787
  -1.01321
  0.0316068
  -0.700121
  1.53706
  1.00146
  2.38113
  3.45302
  1.24991
  1.35849
  0.662233
  0.300673
  0.161706
  0.361738
  1.12022
  0.59084
  -0.0922432
  0.0494333
  -0.672556
  0.072001
  -0.538598
  0.0156459
  -0.102191
  0.14882
  -0.215718
  0.15921
  -1.79207
  -4.28948
  -3.81645
  -1.72797
  -0.298561
  -0.0523581
  0.374391
  -0.0209473
  0.449319
  -0.451687
  0.163455
  -0.0673302
  0.819579
  1.00187
  0.0747933
  0.398952
  1.28663
  1.3344
  0.00849129
  0.374063
  0.6076
  0.212548
  -0.757667
  -1.22028
  0.410735
  -0.397664
  -0.825748
  -1.00453
  0.0775586
  -0.733469
  0.983227
  2.14092
  2.52569
  3.06784
  0.467216
  -0.880542
  -1.2631
  -0.729234
  -0.562748
  -0.805263
  1.04441
  0.746314
  1.15278
  0.13478
  -0.0427068
  2.80553
  1.3325
  1.71771
  1.71519
  2.07567
  0.931111
  1.3622
  1.89729
  -0.0775511
  1.4067
  2.00494
  1.47735
  0.685782
  1.64028
  0.916809
  0.0569532
  1.587
  1.12392
  0.0607924
  1.42238
  1.95901
  -0.707334
  0.0678977
  -0.384737
  -1.39122
  0.101026
  -0.189838
  -1.60222
  -1.32496
  -1.47842
  -0.169437
  -0.611733
  -1.73817
  -1.85721
  -0.305685
  -0.924406
  0.163894
  0.0260392
  1.50569
  0.460034
  1.67487
  1.1126
  -0.301148
  -0.777288
  -3.23592
  -0.40831
  -0.303772
  -0.57228
  -1.77522
  1.63644
  1.11484
  1.57661
