  1.67904
  0.0649106
  1.37264
  2.02445
  -0.506945
  -2.11774
  -0.902257
  0.173671
  -0.650359
  1.65805
  0.876772
  2.22378
  3.09611
  0.656857
  0.911137
  0.234474
  -0.0404485
  -0.0992456
  0.155049
  0.921144
  0.305223
  -0.347932
  -0.113962
  -0.813406
  0.0379947
  -0.612334
  0.0107957
  -0.141099
  0.115531
  -0.275449
  0.132837
  -1.8523
  -4.12515
  -3.23841
  -1.00283
  0.281636
  0.321086
  0.638596
  0.132367
  0.595508
  -0.381673
  0.307698
  0.0236883
  0.918624
  0.990381
  -0.0113006
  0.385126
  1.25517
  1.18335
  -0.206386
  0.283169
  0.515806
  0.0919361
  -0.842143
  -1.17296
  0.579373
  -0.368809
  -0.74313
  -0.847741
  0.296624
  -0.612684
  1.17436
  2.15145
  2.3169
  2.70308
  -0.0630086
  -1.18893
  -1.33302
  -0.643078
  -0.454352
  -0.687527
  1.21277
  0.715903
  1.08061
  -0.0160701
  -0.110771
  2.79296
  0.988954
  1.41489
  1.35802
  1.68469
  0.468162
  0.998816
  1.51404
  -0.540269
  1.15318
  1.65181
  1.01472
  0.235113
  1.28237
  0.475782
  -0.330681
  1.32713
  0.729526
  -0.327769
  1.16263
  1.5857
  -1.19587
  -0.14512
  -0.584641
  -1.51555
  0.145465
  -0.245112
  -1.64965
  -1.18863
  -1.29169
  0.0797543
  -0.483969
  -1.59624
  -1.56961
  0.0687322
  -0.690085
  0.431439
  0.172173
  1.62123
  0.370785
  1.61959
  0.903247
  -0.521534
  -0.842435
  -3.18848
  0.00719862
  -0.0641143
  -0.388098
  -1.57843
  1.99446
  1.12455
  1.51059
