  1.67904
  -0.344771
  1.20983
  1.60348
  -1.19812
  -2.30556
  -0.525512
  0.493573
  -0.571857
  1.88135
  0.575152
  1.92826
  2.43828
  -0.384821
  0.291503
  -0.340107
  -0.428966
  -0.346579
  -0.0122763
  0.739194
  -0.062399
  -0.630838
  -0.21148
  -0.899237
  0.148048
  -0.631828
  0.124052
  -0.129708
  0.136272
  -0.315758
  0.165339
  -1.90038
  -3.71475
  -2.08115
  0.26292
  1.11822
  0.722708
  0.866634
  0.183233
  0.684062
  -0.423169
  0.452548
  0.0515573
  0.97945
  0.834432
  -0.274312
  0.313353
  1.14208
  0.840787
  -0.627076
  0.158012
  0.366461
  -0.116329
  -0.965984
  -1.0389
  0.906996
  -0.384997
  -0.629036
  -0.601804
  0.630605
  -0.516153
  1.4262
  2.015
  1.79333
  1.966
  -1.03289
  -1.60373
  -1.29572
  -0.376308
  -0.228212
  -0.48746
  1.48554
  0.552894
  0.886118
  -0.338031
  -0.225998
  2.77659
  0.286455
  0.90839
  0.772159
  1.07127
  -0.253697
  0.524454
  0.990128
  -1.21219
  0.939785
  1.18088
  0.344542
  -0.362749
  0.888423
  -0.106165
  -0.777856
  1.12933
  0.216485
  -0.795376
  0.963851
  1.11835
  -1.86506
  -0.208486
  -0.698882
  -1.50875
  0.448959
  -0.224337
  -1.61312
  -0.795568
  -0.874515
  0.567956
  -0.292091
  -1.36233
  -1.05253
  0.696132
  -0.405655
  0.79956
  0.281542
  1.70135
  0.0601423
  1.458
  0.454091
  -0.923122
  -0.894559
  -3.05126
  0.834316
  0.253738
  -0.181444
  -1.34147
  2.54523
  0.907063
  1.23852
