  1.67904
  0.839432
  1.92987
  3.0933
  1.318
  -0.946275
  -0.939982
  -0.209573
  -0.807546
  1.16577
  1.27888
  2.85212
  4.60961
  3.29952
  3.29015
  2.63486
  2.11426
  1.74712
  1.77329
  2.46232
  2.18294
  1.4586
  1.35491
  0.511201
  0.909129
  0.309162
  0.6328
  0.530494
  0.744772
  0.421857
  0.701995
  -1.18578
  -4.34189
  -5.27844
  -4.03566
  -2.57193
  -1.88828
  -1.1645
  -1.20068
  -0.651086
  -1.29018
  -0.840498
  -0.927781
  -0.0501561
  0.469714
  -0.163162
  0.0509455
  0.998686
  1.43723
  0.406248
  0.52722
  0.755847
  0.464335
  -0.580849
  -1.43032
  -0.254456
  -0.784161
  -1.37075
  -1.81679
  -1.0176
  -1.64729
  -0.160643
  1.45913
  2.56428
  3.76584
  1.89221
  0.168409
  -0.884514
  -0.929898
  -0.999308
  -1.39097
  0.21042
  0.393866
  0.982044
  0.250558
  -0.0912538
  2.58284
  2.0558
  2.53383
  2.79941
  3.38168
  2.57154
  2.85024
  3.48701
  1.81154
  2.78827
  3.6198
  3.47346
  2.76674
  3.52775
  3.05331
  2.11682
  3.28807
  3.16799
  2.15664
  3.18366
  4.00459
  1.7482
  1.82757
  1.23274
  -0.0638933
  0.836906
  0.657885
  -0.823084
  -1.1507
  -1.62953
  -0.673769
  -0.918552
  -2.13533
  -2.75021
  -1.63163
  -2.01868
  -1.08193
  -0.938664
  0.636165
  0.213014
  1.45882
  1.41632
  0.178889
  -0.64779
  -3.48349
  -1.84397
  -1.55004
  -1.7393
  -3.03666
  -0.169088
  0.158604
  0.967041
