  1.67904
  -0.551855
  1.16348
  1.42021
  -1.49313
  -2.31235
  -0.278143
  0.651879
  -0.554887
  1.97983
  0.397259
  1.79453
  2.13825
  -0.835638
  0.108163
  -0.512122
  -0.509334
  -0.371266
  -0.0139654
  0.715687
  -0.184025
  -0.696336
  -0.186391
  -0.885977
  0.251638
  -0.616063
  0.207875
  -0.111139
  0.162095
  -0.322215
  0.199802
  -1.91179
  -3.49111
  -1.52417
  0.787491
  1.37698
  0.772748
  0.864701
  0.118765
  0.66527
  -0.498308
  0.488389
  0.020431
  0.973741
  0.721253
  -0.420048
  0.283065
  1.08334
  0.670344
  -0.813315
  0.13815
  0.317245
  -0.197124
  -0.999455
  -0.94845
  1.06904
  -0.423905
  -0.584847
  -0.499191
  0.761355
  -0.520405
  1.51269
  1.89551
  1.51011
  1.62342
  -1.4507
  -1.69941
  -1.19199
  -0.204372
  -0.116119
  -0.403828
  1.59747
  0.432953
  0.782475
  -0.491508
  -0.257515
  2.78467
  -0.0610827
  0.717997
  0.548098
  0.847634
  -0.520135
  0.399711
  0.82811
  -1.44609
  0.951684
  1.02905
  0.104352
  -0.544537
  0.812248
  -0.291618
  -0.883034
  1.14217
  0.0465995
  -0.923334
  0.973175
  0.970305
  -2.09805
  -0.113255
  -0.673754
  -1.43475
  0.653623
  -0.198386
  -1.57091
  -0.576725
  -0.679136
  0.780158
  -0.246645
  -1.27997
  -0.829095
  0.94682
  -0.350235
  0.915199
  0.263583
  1.68961
  -0.137045
  1.37625
  0.232996
  -1.08873
  -0.873144
  -2.95921
  1.24778
  0.336932
  -0.140152
  -1.27606
  2.76643
  0.711996
  1.07297
