  1.67904
  0.655986
  1.76923
  2.80259
  0.807905
  -1.34155
  -1.03798
  -0.167631
  -0.785263
  1.28954
  1.2028
  2.7008
  4.2144
  2.57639
  2.5479
  1.85525
  1.3626
  1.0643
  1.14411
  1.862
  1.49761
  0.778536
  0.747334
  -0.0483089
  0.467043
  -0.117973
  0.286378
  0.195115
  0.425445
  0.0972036
  0.408074
  -1.49295
  -4.43223
  -4.86974
  -3.2755
  -1.7455
  -1.16446
  -0.521401
  -0.673905
  -0.153343
  -0.882371
  -0.383126
  -0.514658
  0.366944
  0.77446
  0.0345317
  0.267208
  1.19336
  1.49543
  0.349339
  0.528043
  0.756889
  0.42583
  -0.600601
  -1.32461
  0.0176344
  -0.580933
  -1.11122
  -1.45931
  -0.547087
  -1.21515
  0.356504
  1.83877
  2.6982
  3.64978
  1.49385
  -0.158003
  -1.00299
  -0.842526
  -0.806257
  -1.12608
  0.577533
  0.62323
  1.14625
  0.312741
  0.0124816
  2.74522
  1.91093
  2.32378
  2.47922
  2.96415
  2.01843
  2.31886
  2.90863
  1.11883
  2.24013
  2.99948
  2.71462
  1.95658
  2.76276
  2.20059
  1.27181
  2.55436
  2.32578
  1.28425
  2.41043
  3.14279
  0.736964
  1.02395
  0.48804
  -0.7023
  0.40879
  0.224855
  -1.22274
  -1.33683
  -1.67652
  -0.570023
  -0.847411
  -2.01842
  -2.4534
  -1.15613
  -1.58248
  -0.577177
  -0.507458
  1.04274
  0.415265
  1.63356
  1.40855
  0.0899529
  -0.641289
  -3.34636
  -1.29752
  -1.00752
  -1.20093
  -2.4494
  0.615119
  0.699575
  1.38095
