  -81.5  30.72
  -81.48  30.68
  -81.45  30.7
  -81.43  30.68
  -81.45  30.57
  -81.43  30.52
  -81.47  30.55
  -81.48  30.62
  -81.5  30.62
  -81.5  30.55
  -81.42  30.47
  -81.42  30.4
  -81.38  30.38
  -81.38  30.27
  -81.33  30.12
  -81.28  29.9
  -81.27  29.87
  -81.25  29.8
  -81.17  29.58
  -81.02  29.25
  -80.92  29.08
  -80.92  29.07
  -80.9  29.05
  -80.68  28.72
  -80.63  28.65
  -80.57  28.57
  -80.53  28.47
  -80.53  28.45
  -80.6  28.4
  -80.58  28.2
  -80.57  28.08
  -80.47  27.92
  -80.45  27.87
  -80.5  27.93
  -80.53  28
  -80.57  28.05
  -80.62  28.22
  -80.62  28.4
  -80.58  28.52
  -80.6  28.6
  -80.67  28.6
  -80.68  28.58
  -80.77  28.62
  -80.78  28.65
  -80.78  28.68
  -80.75  28.7
  -80.75  28.73
  -80.85  28.78
  -80.82  28.65
  -80.8  28.6
  -80.75  28.42
  -80.58  28.05
  -80.4  27.7
  -80.3  27.42
  -80.18  27.18
  -80.22  27.22
  -80.27  27.22
  -80.28  27.23
  -80.32  27.23
  -80.27  27.18
  -80.22  27.2
  -80.17  27.15
  -80.15  27.13
  -80.07  26.95
  -80.12  26.93
  -80.07  26.92
  -80.03  26.78
  -80.05  26.77
  -80.03  26.68
  -80.03  26.57
  -80.05  26.53
  -80.05  26.52
  -80.08  26.28
  -80.1  26.12
  -80.12  26.1
  -80.1  26.07
  -80.12  25.95
  -80.12  25.82
  -80.13  25.77
  -80.13  25.82
  -80.13  25.9
  -80.18  25.82
  -80.18  25.75
  -80.25  25.73
  -80.27  25.65
  -80.32  25.62
  -80.32  25.53
  -80.35  25.48
  -80.33  25.43
  -80.33  25.4
  -80.32  25.38
  -80.35  25.33
  -80.37  25.33
  -80.43  25.23
  -80.42  25.2
  -80.45  25.25
  -80.5  25.22
  -80.45  25.18
  -80.47  25.22
  -80.48  25.22
  -80.52  25.2
  -80.52  25.22
  -80.5  25.23
  -80.53  25.25
  -80.58  25.23
  -80.6  25.18
  -80.65  25.18
  -80.65  25.17
  -80.68  25.17
  -80.72  25.13
  -80.77  25.15
  -80.8  25.15
  -80.82  25.17
  -80.85  25.18
  -80.92  25.13
  -81.08  25.12
  -81.15  25.17
  -81.18  25.23
  -81.13  25.33
  -81.07  25.27
  -80.98  25.23
  -81  25.22
  -80.98  25.2
  -80.92  25.22
  -80.92  25.25
  -80.98  25.32
  -81.03  25.33
  -81.15  25.38
  -81.17  25.47
  -81.2  25.5
  -81.18  25.55
  -81.23  25.57
  -81.25  25.63
  -81.27  25.65
  -81.28  25.7
  -81.32  25.7
  -81.33  25.72
  -81.35  25.77
  -81.32  25.78
  -81.35  25.82
  -81.4  25.85
  -81.47  25.87
  -81.47  25.88
  -81.52  25.88
  -81.55  25.92
  -81.58  25.9
  -81.58  25.92
  -81.62  25.95
  -81.65  25.92
  -81.73  25.9
  -81.73  25.95
  -81.7  25.93
  -81.67  25.95
  -81.67  25.98
  -81.72  25.97
  -81.73  26
  -81.73  26.02
  -81.77  26.07
  -81.78  26.13
  -81.8  26.1
  -81.83  26.27
  -81.82  26.28
  -81.85  26.35
  -81.83  26.35
  -81.85  26.43
  -81.88  26.48
  -81.87  26.45
  -81.88  26.43
  -81.95  26.47
  -82.02  26.48
  -82  26.52
  -81.98  26.5
  -81.93  26.53
  -81.88  26.63
  -81.82  26.68
  -81.8  26.68
  -81.78  26.72
  -81.9  26.67
  -81.95  26.55
  -81.98  26.53
  -82  26.53
  -82.03  26.52
  -82.07  26.55
  -82.05  26.6
  -82.08  26.7
  -82.05  26.78
  -82.05  26.87
  -82.1  26.9
  -82.05  26.93
  -82  26.95
  -81.98  27
  -82.02  26.97
  -82.05  26.97
  -82.07  26.95
  -82.12  26.97
  -82.15  26.92
  -82.18  26.97
  -82.2  26.95
  -82.23  26.97
  -82.23  27
  -82.27  27.02
  -82.27  27
  -82.25  27
  -82.23  26.95
  -82.18  26.93
  -82.17  26.87
  -82.15  26.78
  -82.17  26.78
  -82.17  26.82
  -82.2  26.8
  -82.3  26.83
  -82.32  26.87
  -82.32  26.88
  -82.35  26.93
  -82.37  26.95
  -82.35  26.9
  -82.43  27.05
  -82.5  27.18
  -82.5  27.2
  -82.48  27.18
  -82.5  27.22
  -82.52  27.22
  -82.57  27.27
  -82.55  27.3
  -82.55  27.28
  -82.53  27.28
  -82.58  27.4
  -82.67  27.45
  -82.68  27.45
  -82.73  27.52
  -82.7  27.48
  -82.65  27.47
  -82.63  27.48
  -82.67  27.48
  -82.67  27.52
  -82.6  27.5
  -82.63  27.52
  -82.6  27.52
  -82.57  27.55
  -82.58  27.55
  -82.55  27.63
  -82.52  27.67
  -82.47  27.73
  -82.4  27.78
  -82.38  27.82
  -82.42  27.92
  -82.45  27.93
  -82.48  27.9
  -82.48  27.82
  -82.53  27.83
  -82.55  27.85
  -82.53  27.87
  -82.53  27.93
  -82.57  27.95
  -82.62  27.97
  -82.6  27.98
  -82.65  28.02
  -82.65  28
  -82.68  28.03
  -82.68  28
  -82.68  27.97
  -82.63  27.95
  -82.7  27.95
  -82.72  27.93
  -82.65  27.9
  -82.63  27.88
  -82.57  27.88
  -82.6  27.85
  -82.6  27.82
  -82.62  27.78
  -82.63  27.7
  -82.67  27.68
  -82.68  27.7
  -82.68  27.73
  -82.72  27.73
  -82.75  27.78
  -82.82  27.83
  -82.82  27.82
  -82.73  27.72
  -82.72  27.65
  -82.75  27.7
  -82.75  27.73
  -82.83  27.8
  -82.85  27.87
  -82.83  27.93
  -82.82  27.95
  -82.83  27.88
  -82.82  27.93
  -82.77  28.07
  -82.77  28.1
  -82.8  28.15
  -82.8  28.18
  -82.77  28.2
  -82.73  28.28
  -82.72  28.3
  -82.73  28.3
  -82.73  28.32
  -82.67  28.43
  -82.67  28.5
  -82.63  28.53
  -82.65  28.63
  -82.63  28.65
  -82.65  28.67
  -82.63  28.7
  -82.63  28.75
  -82.65  28.75
  -82.68  28.8
  -82.67  28.82
  -82.65  28.8
  -82.63  28.78
  -82.63  28.8
  -82.63  28.88
  -82.68  28.92
  -82.73  28.97
  -82.73  29
  -82.75  29
  -82.75  29.07
  -82.8  29.1
  -82.78  29.12
  -82.8  29.13
  -82.8  29.17
  -82.83  29.17
  -82.85  29.18
  -82.87  29.17
  -82.9  29.17
  -82.97  29.18
  -83  29.17
  -83.05  29.18
  -83.05  29.2
  -83.07  29.22
  -83.07  29.23
  -83.08  29.27
  -83.15  29.3
  -83.15  29.33
  -83.22  29.42
  -83.28  29.43
  -83.35  29.5
  -83.4  29.52
  -83.4  29.58
  -83.38  29.6
  -83.4  29.65
  -83.47  29.68
  -83.58  29.75
  -83.58  29.82
  -83.68  29.92
  -83.77  29.97
  -83.78  29.98
  -83.8  29.97
  -83.83  29.98
  -83.88  30.02
  -84.02  30.1
  -84.13  30.1
  -84.17  30.07
  -84.2  30.1
  -84.23  30.08
  -84.25  30.1
  -84.27  30.1
  -84.28  30.07
  -84.33  30.07
  -84.37  30.05
  -84.37  30.02
  -84.38  30.02
  -84.38  29.98
  -84.35  29.98
  -84.35  29.97
  -84.42  29.98
  -84.45  30.02
  -84.47  29.98
  -84.45  29.98
  -84.43  29.97
  -84.33  29.93
  -84.35  29.88
  -84.38  29.88
  -84.37  29.9
  -84.38  29.92
  -84.45  29.92
  -84.48  29.9
  -84.52  29.92
  -84.57  29.88
  -84.75  29.78
  -84.88  29.73
  -84.9  29.73
  -84.87  29.78
  -84.87  29.8
  -84.92  29.78
  -84.95  29.75
  -84.97  29.75
  -85.02  29.7
  -85.08  29.72
  -85.18  29.7
  -85.33  29.68
  -85.37  29.68
  -85.38  29.72
  -85.42  29.78
  -85.42  29.85
  -85.4  29.87
  -85.4  29.85
  -85.38  29.75
  -85.35  29.68
  -85.3  29.7
  -85.3  29.82
  -85.38  29.92
  -85.43  29.95
  -85.52  29.97
  -85.57  30.03
  -85.52  30
  -85.48  29.98
  -85.68  30.12
  -85.67  30.13
  -85.62  30.12
  -85.62  30.1
  -85.53  30.08
  -85.52  30.07
  -85.45  30.02
  -85.4  30.03
  -85.4  30.05
  -85.42  30.05
  -85.43  30.07
  -85.45  30.03
  -85.48  30.05
  -85.48  30.1
  -85.52  30.1
  -85.5  30.13
  -85.53  30.12
  -85.57  30.13
  -85.57  30.12
  -85.63  30.15
  -85.63  30.13
  -85.72  30.18
  -85.7  30.2
  -85.67  30.25
  -85.6  30.25
  -85.58  30.28
  -85.55  30.28
  -85.57  30.32
  -85.62  30.27
  -85.65  30.28
  -85.68  30.27
  -85.72  30.23
  -85.72  30.28
  -85.75  30.28
  -85.75  30.32
  -85.77  30.28
  -85.83  30.28
  -85.85  30.25
  -85.83  30.23
  -85.8  30.25
  -85.77  30.23
  -85.75  30.23
  -85.73  30.22
  -85.75  30.17
  -85.7  30.15
  -85.72  30.13
  -85.73  30.15
  -85.73  30.13
  -85.87  30.22
  -86.08  30.3
  -86.32  30.37
  -86.52  30.4
  -86.48  30.42
  -86.4  30.4
  -86.33  30.4
  -86.32  30.43
  -86.28  30.4
  -86.23  30.4
  -86.27  30.42
  -86.25  30.43
  -86.1  30.37
  -86.12  30.4
  -86.12  30.43
  -86.15  30.45
  -86.13  30.47
  -86.13  30.48
  -86.17  30.47
  -86.2  30.47
  -86.2  30.5
  -86.23  30.48
  -86.27  30.5
  -86.35  30.48
  -86.42  30.45
  -86.43  30.48
  -86.42  30.52
  -86.45  30.52
  -86.47  30.5
  -86.48  30.52
  -86.48  30.5
  -86.5  30.47
  -86.55  30.43
  -86.6  30.45
  -86.58  30.42
  -86.78  30.42
  -87.18  30.35
  -87.18  30.38
  -87  30.42
  -86.93  30.45
  -86.88  30.43
  -86.9  30.47
  -87.02  30.5
  -87  30.55
  -86.97  30.57
  -87  30.57
  -87  30.58
  -87.02  30.6
  -87.02  30.57
  -87.03  30.55
  -87.08  30.45
  -87.1  30.45
  -87.1  30.53
  -87.13  30.53
  -87.12  30.55
  -87.17  30.58
  -87.18  30.58
  -87.18  30.53
  -87.15  30.5
  -87.15  30.47
  -87.2  30.42
  -87.25  30.4
  -87.27  30.35
  -87.3  30.35
  -87.3  30.32
  -87.5  30.28
  -87.52  30.28
  -87.5  30.3
  -87.47  30.3
  -87.5  30.32
  -87.5  30.33
  -87.47  30.35
  -87.43  30.4
  -87.37  30.43
  -87.42  30.47
  -87.45  30.53
  -87.4  30.65
  -87.42  30.68
  -87.52  30.73
  -87.55  30.78
  -87.63  30.87
  -87.6  30.95
  -87.6  31
  -85.02  31
  -84.93  30.88
  -84.92  30.75
  -84.87  30.73
  -84.87  30.72
  -82.23  30.57
  -82.25  30.53
  -82.2  30.48
  -82.22  30.43
  -82.2  30.37
  -82.08  30.37
  -82.05  30.37
  -82.05  30.42
  -82.02  30.57
  -82.05  30.65
  -82.03  30.72
  -82.02  30.78
  -81.98  30.78
  -81.97  30.82
  -81.92  30.82
  -81.88  30.8
  -81.8  30.78
  -81.78  30.77
  -81.73  30.77
  -81.72  30.75
  -81.68  30.73
  -81.65  30.73
  -81.63  30.73
  -81.62  30.72
  -81.55  30.7
  -81.52  30.72
