Wed Feb  5 08:01:37 2020

TOMS243_TEST:
  Python version: 3.6.9
  TOMS243 evaluates the complex logarithm function.

        Z.real        Z.imag                   Exact
                                             Computed

            -2            -2         1.039720770839918        -2.356194490192345
                                     1.039720770839918        -2.356194490192345
            -2             1          0.80471895621705         2.677945044588987
                                    0.8047189562170503         2.677945044588987
            -1            -1         0.346573590279973        -2.356194490192345
                                    0.3465735902799728        -2.356194490192345
            -1             0                         0         3.141592653589793
                                 2.220446049250313e-16         3.141592653589793
             0            -2         0.693147180559945        -1.570796326794897
                                    0.6931471805599454        -1.570796326794897
             0            -1                         0        -1.570796326794897
                                 2.220446049250313e-16        -1.570796326794897
             0             1                         0         1.570796326794897
                                 2.220446049250313e-16         1.570796326794897
             0             2         0.693147180559945         1.570796326794897
                                    0.6931471805599454         1.570796326794897
             1            -1         0.346573590279973       -0.7853981633974479
                                    0.3465735902799728       -0.7853981633974483
             1             0                         0                         0
                                 2.220446049250313e-16                         0
             2            -2         1.039720770839918       -0.7853981633974479
                                     1.039720770839918       -0.7853981633974483
             2             1          0.80471895621705         0.463647609000806
                                    0.8047189562170503        0.4636476090008061

TOMS243_TEST:
  Normal end of execution.
Wed Feb  5 08:01:37 2020
