  0.0399227502581679
  0.0399227502581679
  0.0399227502581679
  0.0399227502581679
  0.0100772110553207
  0.0100772110553207
  0.0100772110553207
  0.0100772110553207
  0.0553571815436544
  0.0553571815436544
  0.0553571815436544
  0.0553571815436544
  0.0482142857142857
  0.0482142857142857
  0.0482142857142857
  0.0482142857142857
  0.0482142857142857
  0.0482142857142857
  0.0482142857142857
  0.0482142857142857
  0.0482142857142857
  0.0482142857142857
  0.0482142857142857
  0.0482142857142857
