  0.3561913862225449  0.2146028712591517  0.2146028712591517
  0.2146028712591517  0.2146028712591517  0.2146028712591517
  0.2146028712591517  0.2146028712591517  0.3561913862225449
  0.2146028712591517  0.3561913862225449  0.2146028712591517
  0.8779781243961660  0.0406739585346113  0.0406739585346113
  0.0406739585346113  0.0406739585346113  0.0406739585346113
  0.0406739585346113  0.0406739585346113  0.8779781243961660
  0.0406739585346113  0.8779781243961660  0.0406739585346113
  0.0329863295731731  0.3223378901422757  0.3223378901422757
  0.3223378901422757  0.3223378901422757  0.3223378901422757
  0.3223378901422757  0.3223378901422757  0.0329863295731731
  0.3223378901422757  0.0329863295731731  0.3223378901422757
  0.2696723314583159  0.0636610018750175  0.0636610018750175
  0.0636610018750175  0.2696723314583159  0.0636610018750175
  0.0636610018750175  0.0636610018750175  0.2696723314583159
  0.6030056647916491  0.0636610018750175  0.0636610018750175
  0.0636610018750175  0.6030056647916491  0.0636610018750175
  0.0636610018750175  0.0636610018750175  0.6030056647916491
  0.0636610018750175  0.2696723314583159  0.6030056647916491
  0.2696723314583159  0.6030056647916491  0.0636610018750175
  0.6030056647916491  0.0636610018750175  0.2696723314583159
  0.0636610018750175  0.6030056647916491  0.2696723314583159
  0.2696723314583159  0.0636610018750175  0.6030056647916491
  0.6030056647916491  0.2696723314583159  0.0636610018750175
