Wed Oct  8 09:07:08 2025

tetrahedron_exactness_test():
  python version: 3.10.12
  numpy version:  1.26.4
  Test tetrahedron_exactness().

tetrahedron_exactness():
  Investigate the polynomial exactness of a quadrature
  rule for the tetrahedron by integrating all monomials
  of a given degree.

  The rule will be adjusted to the unit tetrahedron.

tetrahedron_exactness: User input:
  Quadrature rule X file = "keast7_x.txt".
  Quadrature rule W file = "keast7_w.txt".
  Quadrature rule R file = "keast7_r.txt".
  Maximum total degree to check = 7

      Degree  Error

   0          0.0000000000000000  0   0   0

   1          0.0000000000000004  1   0   0
   1          0.0000000000000004  0   1   0
   1          0.0000000000000004  0   0   1

   2          0.0000000000000007  2   0   0
   2          0.0000000000000002  1   1   0
   2          0.0000000000000007  0   2   0
   2          0.0000000000000002  1   0   1
   2          0.0000000000000002  0   1   1
   2          0.0000000000000007  0   0   2

   3          0.0000000000000009  3   0   0
   3          0.0000000000000002  2   1   0
   3          0.0000000000000002  1   2   0
   3          0.0000000000000009  0   3   0
   3          0.0000000000000002  2   0   1
   3          0.0000000000000002  1   1   1
   3          0.0000000000000002  0   2   1
   3          0.0000000000000002  1   0   2
   3          0.0000000000000002  0   1   2
   3          0.0000000000000009  0   0   3

   4          0.0000000000000009  4   0   0
   4          0.0000000000000004  3   1   0
   4          0.0000000000000002  2   2   0
   4          0.0000000000000004  1   3   0
   4          0.0000000000000011  0   4   0
   4          0.0000000000000004  3   0   1
   4          0.0000000000000004  2   1   1
   4          0.0000000000000002  1   2   1
   4          0.0000000000000002  0   3   1
   4          0.0000000000000004  2   0   2
   4          0.0000000000000004  1   1   2
   4          0.0000000000000004  0   2   2
   4          0.0000000000000004  1   0   3
   4          0.0000000000000004  0   1   3
   4          0.0000000000000011  0   0   4

   5          0.0000000000000016  5   0   0
   5          0.0000000000000004  4   1   0
   5          0.0000000000000004  3   2   0
   5          0.0000000000000004  2   3   0
   5          0.0000000000000004  1   4   0
   5          0.0000000000000016  0   5   0
   5          0.0000000000000004  4   0   1
   5          0.0000000000000004  3   1   1
   5          0.0000000000000004  2   2   1
   5          0.0000000000000004  1   3   1
   5          0.0000000000000002  0   4   1
   5          0.0000000000000004  3   0   2
   5          0.0000000000000004  2   1   2
   5          0.0000000000000004  1   2   2
   5          0.0000000000000004  0   3   2
   5          0.0000000000000004  2   0   3
   5          0.0000000000000004  1   1   3
   5          0.0000000000000004  0   2   3
   5          0.0000000000000004  1   0   4
   5          0.0000000000000002  0   1   4
   5          0.0000000000000013  0   0   5

   6          0.0000000000000020  6   0   0
   6          0.0000000000000002  5   1   0
   6          0.0000000000000004  4   2   0
   6          0.0000000000000002  3   3   0
   6          0.0000000000000004  2   4   0
   6          0.0000000000000002  1   5   0
   6          0.0000000000000020  0   6   0
   6          0.0000000000000002  5   0   1
   6          0.0000000000000004  4   1   1
   6          0.0000000000000004  3   2   1
   6          0.0000000000000009  2   3   1
   6          0.0000000000000004  1   4   1
   6          0.0000000000000002  0   5   1
   6          0.0000000000000004  4   0   2
   6          0.0000000000000007  3   1   2
   6          0.0000000000000007  2   2   2
   6          0.0000000000000007  1   3   2
   6          0.0000000000000004  0   4   2
   6          0.0000000000000002  3   0   3
   6          0.0000000000000004  2   1   3
   6          0.0000000000000007  1   2   3
   6          0.0000000000000002  0   3   3
   6          0.0000000000000004  2   0   4
   6          0.0000000000000004  1   1   4
   6          0.0000000000000004  0   2   4
   6          0.0000000000000002  1   0   5
   6          0.0000000000000002  0   1   5
   6          0.0000000000000020  0   0   6

   7          0.0022808296896799  7   0   0
   7          0.0053219359425807  6   1   0
   7          0.0074174276490875  5   2   0
   7          0.0043763213961837  4   3   0
   7          0.0043763213961839  3   4   0
   7          0.0074174276490875  2   5   0
   7          0.0053219359425805  1   6   0
   7          0.0022808296896799  0   7   0
   7          0.0053219359425806  6   0   1
   7          0.0085483801786557  5   1   1
   7          0.0119790870284419  4   2   1
   7          0.0175052855847353  3   3   1
   7          0.0119790870284419  2   4   1
   7          0.0085483801786557  1   5   1
   7          0.0053219359425805  0   6   1
   7          0.0074174276490875  5   0   2
   7          0.0119790870284419  4   1   2
   7          0.0005749385800536  3   2   2
   7          0.0005749385800536  2   3   2
   7          0.0119790870284417  1   4   2
   7          0.0074174276490875  0   5   2
   7          0.0043763213961836  4   0   3
   7          0.0175052855847355  3   1   3
   7          0.0005749385800536  2   2   3
   7          0.0175052855847357  1   3   3
   7          0.0043763213961837  0   4   3
   7          0.0043763213961839  3   0   4
   7          0.0119790870284419  2   1   4
   7          0.0119790870284419  1   2   4
   7          0.0043763213961839  0   3   4
   7          0.0074174276490875  2   0   5
   7          0.0085483801786557  1   1   5
   7          0.0074174276490875  0   2   5
   7          0.0053219359425805  1   0   6
   7          0.0053219359425805  0   1   6
   7          0.0022808296896799  0   0   7


tetrahedron_exactness_test():
  Normal end of execution.
Wed Oct  8 09:07:08 2025
