Wed Oct  8 07:53:45 2025

hypercube_monte_carlo_test():
  python version: 3.10.12
  numpy version:  1.26.4
  Test hypercube_monte_carlo().

hypercube01_monomial_integral_test():
  hypercube01_monomial_integral() returns the integral of a monomial
  over the interior of the unit hypercube in 3D.
  Compare with a Monte Carlo estimate.

  Using M =  3

  Number of sample points used is 4192

  Ex  Ey  Ez     MC-Estimate           Exact      Error

   1   1   3       0.0625425          0.0625     4.3e-05
   4   1   0       0.0993076             0.1     0.00069
   2   0   3       0.0835857       0.0833333     0.00025
   4   1   0       0.0993076             0.1     0.00069
   2   1   1       0.0829277       0.0833333     0.00041
   2   3   4       0.0164128       0.0166667     0.00025
   0   2   1        0.164476        0.166667      0.0022
   3   1   3       0.0306096         0.03125     0.00064
   0   3   1        0.123221           0.125      0.0018
   4   0   4       0.0395604            0.04     0.00044
   3   2   2       0.0272562       0.0277778     0.00052
   0   0   0               1               1           0
   4   2   3       0.0160474       0.0166667     0.00062
   2   3   3       0.0206379       0.0208333      0.0002
   3   2   4       0.0161273       0.0166667     0.00054
   2   2   1       0.0550596       0.0555556      0.0005
   3   1   1       0.0619062          0.0625     0.00059
   1   3   1       0.0621459          0.0625     0.00035
   3   0   3       0.0623328          0.0625     0.00017
   2   1   2       0.0551721       0.0555556     0.00038

hypercube01_monte_carlo_test01():
  hypercube01_sample() estimates integrals 
  along the interior of the unit hypercube in 3D.

         N        1               X               Y               Z               X^2              XY             XZ              Y^2             YZ               Z^2

         1               1        0.582801        0.544585        0.427164        0.339657        0.317385        0.248952        0.296572        0.232627        0.182469
         2               1        0.759793        0.207586        0.431025        0.585463        0.150484        0.320083       0.0494988       0.0960308        0.192491
         4               1        0.497003        0.157824        0.716667        0.270547        0.101021        0.359688       0.0487447        0.109473        0.590307
         8               1        0.602329        0.466814        0.400239        0.430087         0.31102        0.235902        0.286654        0.198936        0.226487
        16               1        0.454055        0.501244          0.5902        0.273059        0.228397        0.254098        0.341279        0.286163        0.416253
        32               1        0.478287        0.374047        0.569004        0.327144        0.152993        0.279841        0.203934        0.202222        0.385465
        64               1         0.55509        0.523835        0.529133        0.399602        0.291929        0.314299        0.366406        0.294933        0.370331
       128               1        0.528051        0.444997        0.506318        0.357689        0.234987        0.272081         0.26372        0.229273        0.343488
       256               1        0.499689        0.515093        0.493238        0.334792        0.261718        0.246765        0.353975        0.248845        0.322752
       512               1        0.513506        0.515176        0.502455        0.349334        0.262238        0.251101        0.348115        0.254292        0.336991
      1024               1        0.508462        0.487647        0.484961        0.342847        0.244961        0.244125        0.322226        0.232444        0.320478
      2048               1        0.496411        0.491371        0.498454        0.330019        0.242512        0.249309        0.322452        0.241532        0.332429
      4096               1        0.498721         0.50397        0.497879        0.332375        0.250249        0.250659        0.338476         0.25308        0.331477
      8192               1        0.497266        0.501637         0.50187        0.330757        0.249762        0.250188        0.334836        0.251159        0.334646
     16384               1        0.500501        0.502041        0.501086        0.333517        0.251236        0.251704         0.33484        0.251711        0.335196
     32768               1         0.50349        0.500758        0.500532        0.336907        0.252898         0.25238        0.333441        0.251419        0.334031
     65536               1        0.499914        0.501094        0.498591        0.333111        0.250643        0.249036        0.334225        0.250149        0.331808

     Exact               1             0.5             0.5             0.5        0.333333            0.25            0.25        0.333333            0.25        0.333333

hypercube01_monte_carlo_test02():
  hypercube01_sample() estimates integrals 
  along the interior of the unit hypercube in 6D.

         N        1              U               V^2            V^2W^2         X^4            Y^2Z^2         Z^6

         1               1        0.918178        0.510644       0.0657296     0.000251274     0.000259956        0.387678
         2               1        0.785971        0.127432       0.0308365       0.0720903        0.036784        0.100722
         4               1        0.445614        0.226196       0.0189678        0.248175      0.00540092       0.0226378
         8               1        0.485494        0.445626        0.170011          0.2165       0.0131274       0.0966107
        16               1        0.433844        0.408548        0.154768         0.11915       0.0362913        0.167596
        32               1        0.508913        0.353216        0.115083        0.199883       0.0315391        0.110868
        64               1        0.548314        0.281853        0.119437        0.205912        0.057874        0.117868
       128               1        0.513679        0.310249        0.112013        0.232144       0.0314218        0.144992
       256               1        0.508461        0.340095        0.120363        0.201769       0.0508768         0.15606
       512               1        0.490041        0.328209        0.111682        0.172997       0.0330907        0.135267
      1024               1        0.505751        0.341059        0.112206         0.20061       0.0342075        0.143822
      2048               1         0.49568        0.334037        0.115835        0.206336       0.0401821        0.150372
      4096               1        0.505392         0.33364        0.109174        0.200651       0.0376482         0.14429
      8192               1        0.500782        0.336745        0.112952        0.197875       0.0355019        0.136957
     16384               1        0.500062        0.333878        0.111243        0.197642       0.0372749        0.142324
     32768               1        0.499503         0.33294        0.110418        0.200695       0.0376284        0.144877
     65536               1        0.500454        0.334978        0.112128        0.200633       0.0372553        0.143028

     Exact               1             0.5        0.333333        0.111111             0.2        0.037037        0.142857

hypercube01_sample_test():
  hypercube01_sample() samples the unit hypercube
  in M dimensions.

  Sample points in the unit hypercube.

  Row:       0             1             2       
  Col      0 :    0.360747      0.378342      0.766081  
      1 :    0.296752      0.588029      0.914199  
      2 :    0.103842      0.926321      0.888424  
      3 :    0.959024      0.779933      0.909564  
      4 :    0.291241      0.546493      0.292237  
      5 :    0.262963      0.781313     0.0916041  
      6 :     0.55873      0.659261      0.737574  
      7 :    0.484822      0.767524       0.11629  
      8 :    0.777055     0.0920635      0.956538  
      9 :    0.950496      0.550166      0.338135  

hypercube01_volume_test():
  hypercube01_volume() returns the volume of the unit hypercube
  in M dimensions.

  hypercube01_volume(3) = 1

hypercube_monte_carlo_test():
  Normal end of execution.
Wed Oct  8 07:53:46 2025
