Wed Oct  8 07:26:12 2025

asa239_test():
  python version: 3.10.12
  numpy version:  1.26.4
  Test asa239().

asa239_test01():
  gammad() computes the incomplete gamma function.
  Compare to tabulated values.

          A            X        FX                        FX2
                                (Tabulated)               (GAMMAD)                DIFF

    0.10000000    0.03000000    7.3823505323393512e-01    7.3823505323393501e-01  1.1102e-16
    0.10000000    0.30000000    9.0835798973003434e-01    9.0835798973003412e-01  2.2204e-16
    0.10000000    1.50000000    9.8865598336219473e-01    9.8865598336219429e-01  4.4409e-16
    0.50000000    0.07500000    3.0146464169666132e-01    3.0146464169666132e-01  0.0000e+00
    0.50000000    0.75000000    7.7932863808015318e-01    7.7932863808015296e-01  2.2204e-16
    0.50000000    3.50000000    9.9184902840649725e-01    9.9184902840649714e-01  1.1102e-16
    1.00000000    0.10000000    9.5162581964040427e-02    9.5162581964040441e-02  1.3878e-17
    1.00000000    1.00000000    6.3212055882855767e-01    6.3212055882855767e-01  0.0000e+00
    1.00000000    5.00000000    9.9326205300091452e-01    9.9326205300091452e-01  0.0000e+00
    1.10000000    0.10000000    7.2059745760543220e-02    7.2059745760543206e-02  1.3878e-17
    1.10000000    1.00000000    5.8918096187064850e-01    5.8918096187064850e-01  0.0000e+00
    1.10000000    5.00000000    9.9153681598455246e-01    9.9153681598455257e-01  1.1102e-16
    2.00000000    0.15000000    1.0185827111183520e-02    1.0185827111183527e-02  6.9389e-18
    2.00000000    1.50000000    4.4217459962892541e-01    4.4217459962892530e-01  1.1102e-16
    2.00000000    7.00000000    9.9270494427556388e-01    9.9270494427556388e-01  0.0000e+00
    6.00000000    2.50000000    4.2021038195306122e-02    4.2021038195306115e-02  6.9389e-18
    6.00000000   12.00000000    9.7965897058307161e-01    9.7965897058307161e-01  0.0000e+00
   11.00000000   16.00000000    9.2260398422964285e-01    9.2260398422964296e-01  1.1102e-16
   26.00000000   25.00000000    4.4707857997558520e-01    4.4707857997558020e-01  4.9960e-15
   41.00000000   45.00000000    7.4445492207186992e-01    7.4445492207187036e-01  4.4409e-16

asa239_test():
  Normal end of execution.
Wed Oct  8 07:26:12 2025
