Wed Jan 22 21:53:04 2020

DISK_MONTE_CARLO_TEST
  Python version: 3.6.9
  Test the DISK_MONTE_CARLO library.

DISK_AREA_TEST
  Python version: 3.6.9
  DISK_AREA returns the area of the unit disk.

  (   CX        CY     )    R          Area

  (-2.815817, 4.563176)   0.829509   2.161685
  ( 0.616954,-0.846929)   0.066119   0.013734
  (-2.424222,-3.900432)   0.043829   0.006035
  ( 1.339657,-4.382728)   0.449539   0.634870
  (-0.986937, 2.546735)   0.797287   1.997005
  (-4.981616, 3.975041)   0.350752   0.386501
  (-4.054552,-4.863831)   0.859097   2.318644
  ( 3.408475,-3.768961)   0.007512   0.000177
  (-2.396970, 4.124837)   0.113664   0.040588
  (-1.483713, 3.228873)   0.267132   0.224183

DISK_AREA_TEST
  Normal end of execution.

DISK_SAMPLE_TEST
  Python version: 3.6.9
  Use DISK_SAMPLE to estimate integrals in the disk
  with center (0,0) and radius 1

         N        1              X^2             Y^2             X^4             X^2Y^2           Y^4             X^6

         1         3.14159         1.17157        0.133159        0.436902       0.0496577      0.00564403         0.16293
         2         3.14159         1.25497        0.993235        0.997883      0.00220106         0.62754        0.795346
         4         3.14159        0.555317        0.585889        0.319797        0.148148        0.146532        0.201846
         8         3.14159        0.621053        0.416137        0.230742        0.123007         0.12235       0.0983318
        16         3.14159        0.989036        0.963393        0.549686        0.182488        0.504159        0.354818
        32         3.14159        0.837886        0.821488        0.430823        0.145403        0.422651        0.284999
        64         3.14159        0.639851        0.753428         0.26701        0.114615        0.375303        0.137248
       128         3.14159        0.826914        0.836657        0.408905        0.138135        0.449053        0.246806
       256         3.14159        0.776474        0.832243        0.386399        0.139964        0.434212        0.240131
       512         3.14159         0.81444        0.770682        0.422948        0.123874        0.383124        0.274119
      1024         3.14159        0.783977        0.767294        0.394401        0.123438        0.380626         0.24798
      2048         3.14159        0.800214        0.769369        0.404638        0.130795        0.380991        0.255568
      4096         3.14159        0.786134        0.780653        0.394276        0.130219        0.388356        0.245952
      8192         3.14159        0.783102         0.78509        0.390125        0.131281        0.391125        0.242695
     16384         3.14159        0.770705        0.789741        0.381337          0.1297        0.394052        0.236712
     32768         3.14159        0.790006        0.784369         0.39583        0.131592        0.392447        0.247679
     65536         3.14159        0.788384        0.785046        0.394142        0.130555        0.392734        0.246063

     Exact         3.14159        0.785398        0.785398        0.392699          0.1309        0.392699        0.245437

DISK01_SAMPLE_TEST
  Normal end of execution.

DISK_SAMPLE_TEST
  Python version: 3.6.9
  Use DISK_SAMPLE to estimate integrals in the disk
  with center (1,0) and radius 1

         N        1              X^2             Y^2             X^4             X^2Y^2           Y^4             X^6

         1         3.14159         8.15013        0.133159         21.1436        0.345449      0.00564403         54.8522
         2         3.14159         1.45482        0.993235         1.31437        0.908129         0.62754         1.20203
         4         3.14159          3.0954        0.585889         4.04321        0.495721        0.146532         5.41556
         8         3.14159         4.31431        0.416137         8.38924        0.647577         0.12235         18.5861
        16         3.14159         4.19082        0.963393         9.75869         1.16473        0.504159           26.62
        32         3.14159         3.54727        0.821488         7.55691        0.863864        0.422651         20.1995
        64         3.14159         3.35003        0.753428         6.00061        0.724902        0.375303          13.393
       128         3.14159         4.48268        0.836657         9.93885         1.07734        0.449053         25.6936
       256         3.14159          3.9158        0.832243         8.23849        0.954658        0.434212         21.1402
       512         3.14159          3.9593        0.770682         8.51061        0.902709        0.383124         22.3184
      1024         3.14159         3.96928        0.767294         8.37233        0.881441        0.380626         21.4298
      2048         3.14159           3.929        0.769369         8.32045        0.907166        0.380991         21.4254
      4096         3.14159         3.92471        0.780653         8.27837        0.903983        0.388356         21.2782
      8192         3.14159         3.87792         0.78509         8.09933        0.887343        0.391125         20.6188
     16384         3.14159         3.93941        0.789741         8.22658        0.927005        0.394052         20.8846
     32768         3.14159         3.90438        0.784369         8.19782        0.909196        0.392447         20.9466
     65536         3.14159         3.92852        0.785046         8.26841        0.915976        0.392734         21.1515

DISK01_SAMPLE_TEST
  Normal end of execution.

DISK_SAMPLE_TEST
  Python version: 3.6.9
  Use DISK_SAMPLE to estimate integrals in the disk
  with center (1,2) and radius 3

         N        1              X^2             Y^2             X^4             X^2Y^2           Y^4             X^6

         1         28.2743         226.769         54.0304         1818.77         433.342         103.249         14587.1
         2         28.2743            50.5         331.102         120.231         372.276         5475.61         322.026
         4         28.2743         57.0143         201.763         122.871          422.82         2152.46         283.178
         8         28.2743         93.4745         177.113         573.613         787.926          1878.2         4175.04
        16         28.2743         110.011         199.827         916.032         763.489         3260.94         9147.59
        32         28.2743         84.4734         132.641         682.865         324.566         1555.89         7224.42
        64         28.2743         68.4539          189.12          417.22         368.391         2590.85         3526.65
       128         28.2743         109.137         185.966         852.853         668.533         2509.71         8158.65
       256         28.2743         91.1074         184.307         700.858         510.855          2477.9         6930.74
       512         28.2743         94.3321         171.957         745.453         530.339         2140.18         7653.54
      1024         28.2743         92.9566         175.995         710.117         536.505         2213.25         6996.53
      2048         28.2743         92.7459         171.162         711.116         503.367         2147.94         7101.73
      4096         28.2743         91.8697         171.918         705.311         508.216         2200.52         7023.07
      8192         28.2743         90.4428         174.984         681.634         507.639         2234.06         6709.47
     16384         28.2743         91.4335          178.08         688.417         525.815         2299.84         6760.68
     32768         28.2743         91.5299         176.805         693.183         523.634         2268.64         6859.38
     65536         28.2743         92.0942         175.443         699.962         523.626         2246.14         6925.37

DISK01_SAMPLE_TEST
  Normal end of execution.

DISK_MONTE_CARLO_TEST:
  Normal end of execution.
Wed Jan 22 21:53:14 2020
