Wed Oct  8 07:43:47 2025

disk_integrands_test():
  python version: 3.10.12
  numpy version:  1.26.4
  Test disk_integrands().

disk_integrands_test00():
  Use a simple Monte Carlo approach to estimate the
  integral of X^EX inside the disk of radius 1
  centered at the origin.

           N   EX      Exact Approximate   Error

           1   0      3.1416      3.1416  0.0000e+00
           2   0      3.1416      3.1416  0.0000e+00
           4   0      3.1416      3.1416  0.0000e+00

disk_integrands_test01():
  Use a simple Monte Carlo approach to estimate the
  integral of X^EX inside the disk of radius 1
  centered at the origin.

           N   EX      Exact Approximate   Error

           1   2      0.7854      0.0284  7.5703e-01
           2   2      0.7854      0.4014  3.8398e-01
           4   2      0.7854      1.1816  3.9622e-01
           8   2      0.7854      0.3998  3.8559e-01
          16   2      0.7854      0.5210  2.6442e-01
          32   2      0.7854      0.6324  1.5303e-01
          64   2      0.7854      0.9349  1.4946e-01
         128   2      0.7854      0.7282  5.7218e-02
         256   2      0.7854      0.7955  1.0067e-02
         512   2      0.7854      0.8128  2.7405e-02
        1024   2      0.7854      0.8276  4.2161e-02
        2048   2      0.7854      0.8230  3.7558e-02
        4096   2      0.7854      0.7858  4.1339e-04
        8192   2      0.7854      0.7943  8.9518e-03
       16384   2      0.7854      0.7921  6.7157e-03
       32768   2      0.7854      0.7820  3.3526e-03
       65536   2      0.7854      0.7856  2.3962e-04
      131072   2      0.7854      0.7856  1.8811e-04
      262144   2      0.7854      0.7867  1.2607e-03
      524288   2      0.7854      0.7867  1.3436e-03
     1048576   2      0.7854      0.7870  1.6028e-03

           1   4      0.3927      0.0124  3.8032e-01
           2   4      0.3927      0.2428  1.4988e-01
           4   4      0.3927      0.8244  4.3168e-01
           8   4      0.3927      0.3337  5.9032e-02
          16   4      0.3927      0.3423  5.0443e-02
          32   4      0.3927      0.6466  2.5392e-01
          64   4      0.3927      0.2552  1.3745e-01
         128   4      0.3927      0.3707  2.2005e-02
         256   4      0.3927      0.3997  7.0398e-03
         512   4      0.3927      0.3796  1.3081e-02
        1024   4      0.3927      0.3783  1.4422e-02
        2048   4      0.3927      0.3946  1.8955e-03
        4096   4      0.3927      0.4027  1.0007e-02
        8192   4      0.3927      0.3860  6.7138e-03
       16384   4      0.3927      0.3925  1.8238e-04
       32768   4      0.3927      0.3967  4.0073e-03
       65536   4      0.3927      0.3929  2.3542e-04
      131072   4      0.3927      0.3943  1.5538e-03
      262144   4      0.3927      0.3925  2.4663e-04
      524288   4      0.3927      0.3918  8.5904e-04
     1048576   4      0.3927      0.3931  4.2208e-04

           1   6      0.2454      0.0044  2.4107e-01
           2   6      0.2454      0.0117  2.3372e-01
           4   6      0.2454      0.0346  2.1080e-01
           8   6      0.2454      0.0242  2.2124e-01
          16   6      0.2454      0.4317  1.8626e-01
          32   6      0.2454      0.1877  5.7757e-02
          64   6      0.2454      0.2406  4.8859e-03
         128   6      0.2454      0.2376  7.8028e-03
         256   6      0.2454      0.2252  2.0242e-02
         512   6      0.2454      0.2126  3.2815e-02
        1024   6      0.2454      0.2372  8.2827e-03
        2048   6      0.2454      0.2419  3.5140e-03
        4096   6      0.2454      0.2598  1.4403e-02
        8192   6      0.2454      0.2514  5.9831e-03
       16384   6      0.2454      0.2498  4.3248e-03
       32768   6      0.2454      0.2422  3.1936e-03
       65536   6      0.2454      0.2440  1.4460e-03
      131072   6      0.2454      0.2422  3.2231e-03
      262144   6      0.2454      0.2471  1.6459e-03
      524288   6      0.2454      0.2471  1.6711e-03
     1048576   6      0.2454      0.2459  5.1231e-04

disk_integrands_test02():
  Use a simple Monte Carlo approach to estimate the
  integral of R^EX over the disk of radius 1
  centered at the origin.

           N   EX      Exact Approximate   Error

           1   1      2.0944      2.8514  7.5703e-01
           2   1      2.0944      3.0816  9.8716e-01
           4   1      2.0944      2.4027  3.0827e-01
           8   1      2.0944      1.9522  1.4223e-01
          16   1      2.0944      2.4737  3.7933e-01
          32   1      2.0944      2.0567  3.7683e-02
          64   1      2.0944      2.1566  6.2156e-02
         128   1      2.0944      2.0663  2.8061e-02
         256   1      2.0944      2.1119  1.7507e-02
         512   1      2.0944      2.0338  6.0565e-02
        1024   1      2.0944      2.1047  1.0256e-02
        2048   1      2.0944      2.1035  9.0878e-03
        4096   1      2.0944      2.1033  8.8574e-03
        8192   1      2.0944      2.0943  6.5240e-05
       16384   1      2.0944      2.0897  4.6732e-03
       32768   1      2.0944      2.0925  1.9357e-03
       65536   1      2.0944      2.0930  1.3996e-03
      131072   1      2.0944      2.0949  5.4999e-04
      262144   1      2.0944      2.0937  7.1611e-04
      524288   1      2.0944      2.0936  7.6557e-04
     1048576   1      2.0944      2.0960  1.5835e-03

           1   3      1.2566      0.6863  5.7035e-01
           2   3      1.2566      1.5152  2.5859e-01
           4   3      1.2566      1.3632  1.0660e-01
           8   3      1.2566      0.7914  4.6528e-01
          16   3      1.2566      1.0640  1.9267e-01
          32   3      1.2566      1.2528  3.8010e-03
          64   3      1.2566      1.2785  2.1871e-02
         128   3      1.2566      1.3025  4.5893e-02
         256   3      1.2566      1.3060  4.9403e-02
         512   3      1.2566      1.2480  8.6712e-03
        1024   3      1.2566      1.2460  1.0589e-02
        2048   3      1.2566      1.2674  1.0738e-02
        4096   3      1.2566      1.2493  7.3485e-03
        8192   3      1.2566      1.2610  4.3736e-03
       16384   3      1.2566      1.2525  4.1640e-03
       32768   3      1.2566      1.2477  8.9732e-03
       65536   3      1.2566      1.2570  3.4618e-04
      131072   3      1.2566      1.2558  8.1917e-04
      262144   3      1.2566      1.2597  3.0537e-03
      524288   3      1.2566      1.2568  1.7110e-04
     1048576   3      1.2566      1.2577  1.0392e-03

           1   5      0.8976      0.1432  7.5437e-01
           2   5      0.8976      0.8870  1.0621e-02
           4   5      0.8976      1.2081  3.1050e-01
           8   5      0.8976      1.0887  1.9110e-01
          16   5      0.8976      0.8129  8.4695e-02
          32   5      0.8976      1.0847  1.8708e-01
          64   5      0.8976      1.1110  2.1338e-01
         128   5      0.8976      0.8183  7.9343e-02
         256   5      0.8976      0.8769  2.0711e-02
         512   5      0.8976      0.8629  3.4742e-02
        1024   5      0.8976      0.8740  2.3553e-02
        2048   5      0.8976      0.8760  2.1565e-02
        4096   5      0.8976      0.8999  2.3180e-03
        8192   5      0.8976      0.8953  2.2998e-03
       16384   5      0.8976      0.8979  2.9209e-04
       32768   5      0.8976      0.8974  2.1094e-04
       65536   5      0.8976      0.8977  1.3094e-04
      131072   5      0.8976      0.9019  4.2904e-03
      262144   5      0.8976      0.8968  8.3782e-04
      524288   5      0.8976      0.8986  9.9270e-04
     1048576   5      0.8976      0.8984  7.6159e-04

disk_integrands_test03():
  Use a simple Monte Carlo approach to estimate the
  integral of exp(X) over the disk of radius 1
  centered at the origin.

           N       Exact Approximate   Error

           1      3.5510      1.8792  1.6718e+00
           2      3.5510      2.9203  6.3069e-01
           4      3.5510      2.8497  7.0129e-01
           8      3.5510      3.1734  3.7757e-01
          16      3.5510      3.1829  3.6808e-01
          32      3.5510      3.3915  1.5946e-01
          64      3.5510      3.8612  3.1021e-01
         128      3.5510      3.4954  5.5635e-02
         256      3.5510      3.4469  1.0410e-01
         512      3.5510      3.5339  1.7061e-02
        1024      3.5510      3.5315  1.9458e-02
        2048      3.5510      3.5114  3.9614e-02
        4096      3.5510      3.5400  1.1012e-02
        8192      3.5510      3.5155  3.5451e-02
       16384      3.5510      3.5287  2.2275e-02
       32768      3.5510      3.5579  6.9132e-03
       65536      3.5510      3.5502  8.2864e-04
      131072      3.5510      3.5520  1.0248e-03
      262144      3.5510      3.5504  5.9206e-04
      524288      3.5510      3.5477  3.3011e-03
     1048576      3.5510      3.5507  2.6650e-04

disk_integrands_test():
  Normal end of execution.
Wed Oct  8 07:43:48 2025
