Wed Oct  8 07:25:55 2025

asa032_test():
  python version: 3.10.12
  numpy version:  1.26.4
  Test asa032().

asa032_test01():
  gamain() computes the incomplete Gamma function.
  Compare the result to tabulated values.

      A             X             FX                        FX2
                                 (Tabulated)               (GAMAIN)                 DIFF

    0.10000000    0.03000000    7.3823505323393512e-01    7.3823505323335947e-01  5.7565e-13
    0.10000000    0.30000000    9.0835798973003434e-01    9.0835798970073944e-01  2.9295e-11
    0.10000000    1.50000000    9.8865598336219473e-01    9.8865598317144299e-01  1.9075e-10
    0.50000000    0.07500000    3.0146464169666132e-01    3.0146464167225223e-01  2.4409e-11
    0.50000000    0.75000000    7.7932863808015318e-01    7.7932863794587570e-01  1.3428e-10
    0.50000000    3.50000000    9.9184902840649725e-01    9.9184902830609734e-01  1.0040e-10
    1.00000000    0.10000000    9.5162581964040427e-02    9.5162581963813511e-02  2.2692e-13
    1.00000000    1.00000000    6.3212055882855767e-01    6.3212055876495998e-01  6.3598e-11
    1.00000000    5.00000000    9.9326205300091452e-01    9.9326205300091452e-01  0.0000e+00
    1.10000000    0.10000000    7.2059745760543220e-02    7.2059745760397781e-02  1.4544e-13
    1.10000000    1.00000000    5.8918096187064850e-01    5.8918096182167001e-01  4.8978e-11
    1.10000000    5.00000000    9.9153681598455246e-01    9.9153681602461963e-01  4.0067e-11
    2.00000000    0.15000000    1.0185827111183520e-02    1.0185827111090954e-02  9.2567e-14
    2.00000000    1.50000000    4.4217459962892541e-01    4.4217459954652821e-01  8.2397e-11
    2.00000000    7.00000000    9.9270494427556388e-01    9.9270494427556388e-01  0.0000e+00
    6.00000000    2.50000000    4.2021038195306122e-02    4.2021038167276946e-02  2.8029e-11
    6.00000000   12.00000000    9.7965897058307161e-01    9.7965897058307161e-01  0.0000e+00
   11.00000000   16.00000000    9.2260398422964285e-01    9.2260398429176649e-01  6.2124e-11
   26.00000000   25.00000000    4.4707857997558520e-01    4.4707857963376302e-01  3.4182e-10
   41.00000000   45.00000000    7.4445492207186992e-01    7.4445492026110638e-01  1.8108e-09

asa032_test():
  Normal end of execution.
Wed Oct  8 07:25:56 2025
