Wed Oct  8 09:16:46 2025

wedge_monte_carlo_test():
  python version: 3.10.12
  numpy version:  1.26.4
  Test wedge_monte_carlo()

wedge01_monomial_integral_test():
  wedge01_monomial_integral() computes the integral of a monomial
  over the interior of the unit wedge in 3D.
  Compare with a Monte Carlo estimate.

  Number of sample points used is 500000

   E1  E2  E3     MC-Estimate      Exact           Error

   0   1   0        0.333799        0.333333     0.000465842
   1   1   0       0.0834767       0.0833333      0.00014338
   2   1   0       0.0333965       0.0333333     6.31328e-05
   3   1   0       0.0167029       0.0166667     3.62756e-05
   4   1   0      0.00954901      0.00952381     2.52046e-05
   5   1   0      0.00597163      0.00595238     1.92462e-05
   0   2   0        0.167152        0.166667     0.000485198
   1   2   0       0.0334335       0.0333333     0.000100158
   2   2   0       0.0111383       0.0111111     2.71756e-05
   3   2   0      0.00477098       0.0047619     9.07783e-06
   4   2   0      0.00238502      0.00238095     4.06872e-06
   0   3   0        0.100396             0.1     0.000396486
   1   3   0       0.0167406       0.0166667     7.39805e-05
   2   3   0      0.00477956       0.0047619     1.76507e-05
   3   3   0      0.00179043      0.00178571     4.71676e-06
   0   4   0       0.0669663       0.0666667     0.000299602
   1   4   0      0.00957687      0.00952381      5.3058e-05
   2   4   0        0.002393      0.00238095     1.20486e-05
   0   5   0       0.0478397        0.047619     0.000220625
   1   5   0      0.00599006      0.00595238     3.76766e-05
   0   6   0       0.0358757       0.0357143     0.000161375
   0   1   1     0.000365705               0     0.000365705
   1   1   1     0.000139906               0     0.000139906
   2   1   1     6.36246e-05               0     6.36246e-05
   3   1   1     3.03311e-05               0     3.03311e-05
   4   1   1     1.47197e-05               0     1.47197e-05
   0   2   1     0.000294659               0     0.000294659
   1   2   1     7.85024e-05               0     7.85024e-05
   2   2   1     3.16724e-05               0     3.16724e-05
   3   2   1     1.42697e-05               0     1.42697e-05
   0   3   1     0.000222294               0     0.000222294
   1   3   1     4.64823e-05               0     4.64823e-05
   2   3   1     1.66763e-05               0     1.66763e-05
   0   4   1     0.000172188               0     0.000172188
   1   4   1     2.94488e-05               0     2.94488e-05
   0   5   1     0.000138252               0     0.000138252
   0   1   2        0.111306        0.111111     0.000195091
   1   1   2       0.0277999       0.0277778     2.21476e-05
   2   1   2       0.0111025       0.0111111      8.6264e-06
   3   1   2      0.00554347      0.00555556      1.2082e-05
   0   2   2       0.0557608       0.0555556     0.000205212
   1   2   2       0.0111474       0.0111111     3.63335e-05
   2   2   2       0.0037084       0.0037037     4.69579e-06
   0   3   2       0.0334951       0.0333333     0.000161797
   1   3   2      0.00558687      0.00555556     3.13183e-05
   0   4   2       0.0223373       0.0222222     0.000115056
   0   1   3     0.000222815               0     0.000222815
   1   1   3     6.64008e-05               0     6.64008e-05
   2   1   3     2.86149e-05               0     2.86149e-05
   0   2   3     0.000187009               0     0.000187009
   1   2   3     3.74886e-05               0     3.74886e-05
   0   3   3     0.000152016               0     0.000152016
   0   1   4       0.0668906       0.0666667     0.000223888
   1   1   4        0.016695       0.0166667     2.83451e-05
   0   2   4       0.0335178       0.0333333      0.00018447
   0   1   5     0.000160899               0     0.000160899

wedge01_monte_carlo_test():
  wedge01_sample() makes a Monte Carlo estimate of an
  integral over the interior of the unit wedge in 3D.

         N        1               X               Y               Z                X^2            XY              Z^2            X^3

         1               1        0.679295        0.159057       -0.244271        0.461442        0.108047       0.0596682        0.313455
         2               1       0.0533743        0.791356        -0.43327      0.00335758       0.0420409        0.279041     0.000233518
         4               1        0.291385        0.441889      -0.0916225       0.0862616        0.135078        0.367951       0.0259219
         8               1        0.110132        0.457504        0.246222       0.0242284       0.0405275        0.322437      0.00685034
        16               1        0.334128        0.410306       0.0110643        0.152694        0.110187         0.28108       0.0839762
        32               1        0.314323        0.357425       -0.118959        0.164786       0.0713912        0.279481        0.102537
        64               1        0.356981        0.312567      -0.0101352        0.191245       0.0807556         0.37975        0.123797
       128               1        0.309398        0.354195      -0.0226086        0.139814       0.0887485        0.291207       0.0767117
       256               1        0.343962        0.325714      0.00197522        0.176905       0.0806593        0.308146         0.10881
       512               1        0.330457         0.33808      -0.0135469        0.167342       0.0830572        0.341976        0.101965
      1024               1         0.32889        0.332116      -0.0300321        0.161739       0.0824664        0.326681       0.0957561
      2048               1        0.325013        0.335637       0.0143418        0.158937       0.0833348        0.332333       0.0934898
      4096               1        0.331536         0.33136     -0.00662923        0.164432       0.0825326        0.333989       0.0980504
      8192               1         0.32951        0.338494     0.000486137        0.163584       0.0834941        0.335412       0.0975128
     16384               1         0.33629        0.330965      0.00339467        0.169571        0.083543        0.336798        0.102341
     32768               1         0.33223        0.332535     -0.00477193        0.165576       0.0828133        0.332049       0.0990305
     65536               1        0.335196        0.331593     -0.00288625        0.168199       0.0834006        0.332423        0.101218

     Exact               1        0.333333        0.333333               0        0.166667       0.0833333        0.333333             0.1

wedge01_sample_test():
  wedge01_sample() samples the unit wedge.

  Sample points in the unit wedge.

  Row:       0             1             2       
  Col
      0 :    0.843857     0.0864914      0.511658  
      1 :    0.403282      0.556365     0.0158249  
      2 :    0.035307      0.630981     -0.798607  
      3 :    0.758217       0.15514     -0.473623  
      4 :    0.422589      0.497031      0.879177  
      5 :    0.285863      0.378461     -0.160035  
      6 :   0.0833138      0.727894      0.375651  
      7 :    0.114354      0.725501      0.512948  
      8 :    0.168392      0.254085      0.774354  
      9 :    0.358075      0.354363      0.592478  

wedge01_volume_test():
  wedge01_volume() returns the volume of the unit wedge.

  wedge01_volume() = 1

wedge_monte_carlo_test():
  Normal end of execution.
Wed Oct  8 09:17:20 2025
