Sun Feb  2 08:33:22 2020

RK4_TESTS:
  Python version: 3.6.9
  Test the RK4 library.

RK4_TEST
  Python version: 3.6.9
  RK4 takes one Runge-Kutta step for a scalar ODE.

          T          U(T)

     0        0.000000             0.5
     1        0.100000        0.552493
     2        0.200000        0.609889
     3        0.300000        0.671912
     4        0.400000        0.738061
     5        0.500000        0.807573
     6        0.600000        0.879409
     7        0.700000        0.952248
     8        0.800000          1.0245
     9        0.900000         1.09437
    10        1.000000         1.15989
    11        1.100000         1.21904
    12        1.200000         1.26984
    13        1.300000          1.3105
    14        1.400000         1.33951
    15        1.500000         1.35574
    16        1.600000         1.35856
    17        1.700000         1.34786
    18        1.800000         1.32406
    19        1.900000         1.28808
    20        2.000000         1.24129
    21        2.100000         1.18538
    22        2.200000         1.12226
    23        2.300000         1.05396
    24        2.400000        0.982471
    25        2.500000        0.909668
    26        2.600000        0.837239
    27        2.700000        0.766617
    28        2.800000        0.698962
    29        2.900000        0.635147
    30        3.000000        0.575781
    31        3.100000        0.521229
    32        3.200000        0.471648
    33        3.300000        0.427034
    34        3.400000        0.387249
    35        3.500000        0.352068
    36        3.600000        0.321208
    37        3.700000        0.294351
    38        3.800000        0.271171
    39        3.900000        0.251349
    40        4.000000        0.234582
    41        4.100000        0.220596
    42        4.200000        0.209146
    43        4.300000        0.200025
    44        4.400000        0.193061
    45        4.500000         0.18812
    46        4.600000        0.185104
    47        4.700000        0.183954
    48        4.800000        0.184647
    49        4.900000        0.187196
    50        5.000000        0.191653
    51        5.100000        0.198104
    52        5.200000        0.206676
    53        5.300000        0.217531
    54        5.400000        0.230868
    55        5.500000        0.246921
    56        5.600000        0.265959
    57        5.700000        0.288277
    58        5.800000        0.314193
    59        5.900000        0.344031
    60        6.000000        0.378113
    61        6.100000        0.416733
    62        6.200000        0.460134
    63        6.300000        0.508478
    64        6.400000        0.561806
    65        6.500000        0.620005
    66        6.600000        0.682764
    67        6.700000        0.749538
    68        6.800000        0.819522
    69        6.900000        0.891627
    70        7.000000        0.964485
    71        7.100000         1.03647
    72        7.200000         1.10575
    73        7.300000         1.17033
    74        7.400000         1.22821
    75        7.500000         1.27743
    76        7.600000         1.31623
    77        7.700000         1.34315
    78        7.800000         1.35716
    79        7.900000          1.3577
    80        8.000000         1.34475
    81        8.100000         1.31883
    82        8.200000         1.28093
    83        8.300000         1.23247
    84        8.400000         1.17522
    85        8.500000         1.11109
    86        8.600000         1.04211
    87        8.700000        0.970272
    88        8.800000        0.897421
    89        8.900000        0.825202
    90        9.000000        0.755006
    91        9.100000        0.687943
    92        9.200000        0.624841
    93        9.300000        0.566265
    94        9.400000        0.512542
    95        9.500000        0.463802
    96        9.600000        0.420011
    97        9.700000        0.381018
    98        9.800000        0.346585
    99        9.900000        0.316421
   100       10.000000        0.290205
   101       10.100000        0.267612
   102       10.200000        0.248324
   103       10.300000        0.232043
   104       10.400000        0.218499
   105       10.500000        0.207455
   106       10.600000        0.198707
   107       10.700000        0.192092
   108       10.800000         0.18748
   109       10.900000        0.184781
   110       11.000000        0.183942
   111       11.100000        0.184945
   112       11.200000         0.18781
   113       11.300000        0.192595
   114       11.400000        0.199393
   115       11.500000        0.208337
   116       11.600000        0.219594
   117       11.700000         0.23337
   118       11.800000        0.249906
   119       11.900000        0.269474
   120       12.000000        0.292374
   121       12.100000        0.318927
   122       12.200000        0.349456
   123       12.300000        0.384282
   124       12.400000        0.423691
   125       12.500000        0.467915
   126       12.600000        0.517097
   127       12.700000        0.571257
   128       12.800000        0.630251
   129       12.900000         0.69373
   130       13.000000        0.761108
   131       13.100000        0.831531
   132       13.200000        0.903866
   133       13.300000        0.976698
   134       13.400000         1.04836
   135       13.500000         1.11699
   136       13.600000         1.18059
   137       13.700000         1.23715
   138       13.800000         1.28473
   139       13.900000         1.32162
   140       14.000000         1.34643
   141       14.100000          1.3582
   142       14.200000         1.35646
   143       14.300000         1.34128
   144       14.400000         1.31326
   145       14.500000         1.27347
   146       14.600000         1.22341
   147       14.700000         1.16486
   148       14.800000         1.09977
   149       14.900000         1.03018
   150       15.000000        0.958046
   151       15.100000        0.885192
   152       15.200000        0.813224
   153       15.300000        0.743485
   154       15.400000        0.677037
   155       15.500000        0.614664
   156       15.600000        0.556887
   157       15.700000        0.503997
   158       15.800000        0.456095
   159       15.900000        0.413125
   160       16.000000        0.374917
   161       16.100000        0.341223
   162       16.200000        0.311745
   163       16.300000        0.286161
   164       16.400000        0.264146
   165       16.500000        0.245384
   166       16.600000        0.229581
   167       16.700000        0.216473
   168       16.800000        0.205828
   169       16.900000         0.19745
   170       17.000000        0.191179
   171       17.100000        0.186894
   172       17.200000        0.184511
   173       17.300000        0.183981
   174       17.400000        0.185295
   175       17.500000        0.188478
   176       17.600000        0.193594
   177       17.700000        0.200743
   178       17.800000        0.210063
   179       17.900000        0.221728
   180       18.000000         0.23595
   181       18.100000        0.252976
   182       18.200000        0.273083
   183       18.300000        0.296575
   184       18.400000        0.323773
   185       18.500000        0.355003
   186       18.600000        0.390581
   187       18.700000        0.430785
   188       18.800000        0.475836
   189       18.900000        0.525858
   190       19.000000        0.580846
   191       19.100000        0.640624
   192       19.200000        0.704806
   193       19.300000        0.772763
   194       19.400000        0.843596
   195       19.500000         0.91612
   196       19.600000        0.988878
   197       19.700000         1.06017
   198       19.800000         1.12809
   199       19.900000         1.19065
   200       20.000000         1.24582
   201       20.100000         1.29172
   202       20.200000         1.32667
   203       20.300000         1.34934
   204       20.400000         1.35886
   205       20.500000         1.35484
   206       20.600000         1.33744
   207       20.700000         1.30735
   208       20.800000         1.26573
   209       20.900000         1.21411
   210       21.000000         1.15432
   211       21.100000         1.08833
   212       21.200000         1.01818
   213       21.300000        0.945799
   214       21.400000        0.872989
   215       21.500000        0.801309
   216       21.600000        0.732057
   217       21.700000        0.666247
   218       21.800000        0.604617
   219       21.900000        0.547647
   220       22.000000        0.495594
   221       22.100000        0.448528
   222       22.200000        0.406373
   223       22.300000        0.368944
   224       22.400000         0.33598
   225       22.500000         0.30718
   226       22.600000        0.282219
   227       22.700000        0.260772
   228       22.800000        0.242527
   229       22.900000        0.227195
   230       23.000000        0.214517
   231       23.100000        0.204266
   232       23.200000        0.196252
   233       23.300000        0.190323
   234       23.400000        0.186362
   235       23.500000        0.184293
   236       23.600000        0.184073
   237       23.700000        0.185698
   238       23.800000        0.189201
   239       23.900000        0.194651
   240       24.000000        0.202154
   241       24.100000        0.211855
   242       24.200000        0.223934
   243       24.300000         0.23861
   244       24.400000        0.256133
   245       24.500000        0.276788
   246       24.600000         0.30088
   247       24.700000        0.328733
   248       24.800000        0.360673
   249       24.900000         0.39701
   250       25.000000        0.438016
   251       25.100000        0.483897
   252       25.200000        0.534759
   253       25.300000         0.59057
   254       25.400000        0.651121
   255       25.500000         0.71599
   256       25.600000        0.784501
   257       25.700000        0.855708
   258       25.800000        0.928381
   259       25.900000         1.00102
   260       26.000000         1.07188
   261       26.100000         1.13904
   262       26.200000         1.20049
   263       26.300000         1.25424
   264       26.400000         1.29841
   265       26.500000         1.33137
   266       26.600000         1.35188
   267       26.700000         1.35913
   268       26.800000         1.35284
   269       26.900000         1.33324
   270       27.000000         1.30112
   271       27.100000          1.2577
   272       27.200000         1.20457
   273       27.300000          1.1436
   274       27.400000         1.07677
   275       27.500000         1.00611
   276       27.600000        0.933541
   277       27.700000        0.860818
   278       27.800000        0.789463
   279       27.900000        0.720727
   280       28.000000        0.655575
   281       28.100000        0.594702
   282       28.200000        0.538546
   283       28.300000        0.487331
   284       28.400000          0.4411
   285       28.500000        0.399755
   286       28.600000        0.363096
   287       28.700000        0.330855
   288       28.800000        0.302723
   289       28.900000        0.278375
   290       29.000000        0.257488
   291       29.100000        0.239753
   292       29.200000        0.224884
   293       29.300000        0.212629
   294       29.400000        0.202766
   295       29.500000        0.195113
   296       29.600000        0.189522
   297       29.700000        0.185884
   298       29.800000        0.184127
   299       29.900000        0.184217
   300       30.000000        0.186154
   301       30.100000        0.189979
   302       30.200000        0.195765
   303       30.300000        0.203627
   304       30.400000        0.213714
   305       30.500000        0.226214
   306       30.600000         0.24135
   307       30.700000        0.259379
   308       30.800000         0.28059
   309       30.900000        0.305292
   310       31.000000        0.333809
   311       31.100000        0.366468
   312       31.200000        0.403572
   313       31.300000        0.445386
   314       31.400000          0.4921
   315       31.500000          0.5438
   316       31.600000        0.600428
   317       31.700000        0.661742
   318       31.800000        0.727277
   319       31.900000        0.796316
   320       32.000000        0.867863
   321       32.100000        0.940642
   322       32.200000         1.01311
   323       32.300000         1.08348
   324       32.400000         1.14983
   325       32.500000         1.21012
   326       32.600000         1.26238
   327       32.700000         1.30477
   328       32.800000         1.33572
   329       32.900000         1.35404
   330       33.000000         1.35902
   331       33.100000         1.35046
   332       33.200000         1.32869
   333       33.300000         1.29457
   334       33.400000          1.2494
   335       33.500000         1.19482
   336       33.600000         1.13272
   337       33.700000         1.06511
   338       33.800000        0.993991
   339       33.900000        0.921279
   340       34.000000        0.848687
   341       34.100000        0.777693
   342       34.200000        0.709499
   343       34.300000        0.645026
   344       34.400000        0.584921
   345       34.500000        0.529586
   346       34.600000         0.47921
   347       34.700000        0.433811
   348       34.800000         0.39327
   349       34.900000        0.357374
   350       35.000000        0.325846
   351       35.100000        0.298373
   352       35.200000         0.27463
   353       35.300000        0.254294
   354       35.400000         0.23706
   355       35.500000        0.222647
   356       35.600000        0.210809
   357       35.700000        0.201329
   358       35.800000        0.194032
   359       35.900000        0.188776
   360       36.000000        0.185458
   361       36.100000        0.184013
   362       36.200000        0.184413
   363       36.300000        0.186664
   364       36.400000        0.190812
   365       36.500000        0.196938
   366       36.600000        0.205163
   367       36.700000        0.215642
   368       36.800000        0.228568
   369       36.900000        0.244172
   370       37.000000        0.262715
   371       37.100000         0.28449
   372       37.200000        0.309811
   373       37.300000        0.339003
   374       37.400000        0.372388
   375       37.500000        0.410267
   376       37.600000        0.452894
   377       37.700000        0.500444

Rk4_TEST:
  Normal end of execution.

RK4VEC_TEST
  Python version: 3.6.9
  RK4VEC takes one Runge-Kutta step for a vector ODE.

          T          U1(T)            U2(T)

     0               0               0               1
     1             0.1       0.0998333        0.995004
     2             0.2        0.198669        0.980067
     3             0.3         0.29552        0.955337
     4             0.4        0.389418        0.921061
     5             0.5        0.479425        0.877583
     6             0.6        0.564642        0.825336
     7             0.7        0.644217        0.764843
     8             0.8        0.717356        0.696707
     9             0.9        0.783326        0.621611
    10               1         0.84147        0.540303
    11             1.1        0.891207        0.453597
    12             1.2        0.932039        0.362359
    13             1.3        0.963558          0.2675
    14             1.4        0.985449        0.169968
    15             1.5        0.997495       0.0707384
    16             1.6        0.999574      -0.0291982
    17             1.7        0.991665       -0.128843
    18             1.8        0.973848       -0.227201
    19             1.9          0.9463       -0.323288
    20               2        0.909298       -0.416145
    21             2.1         0.86321       -0.504845
    22             2.2        0.808497         -0.5885
    23             2.3        0.745706       -0.666274
    24             2.4        0.675465       -0.737392
    25             2.5        0.598474       -0.801142
    26             2.6        0.515503       -0.856887
    27             2.7        0.427382       -0.904071
    28             2.8         0.33499       -0.942221
    29             2.9        0.239252       -0.970957
    30               3        0.141122       -0.989992
    31             3.1       0.0415832       -0.999135
    32             3.2      -0.0583715       -0.998295
    33             3.3       -0.157743        -0.98748
    34             3.4       -0.255538       -0.966799
    35             3.5        -0.35078       -0.936457
    36             3.6       -0.442518        -0.89676
    37             3.7       -0.529833       -0.848101
    38             3.8       -0.611855       -0.790969
    39             3.9       -0.687764       -0.725934
    40               4         -0.7568       -0.653646
    41             4.1       -0.818275       -0.574827
    42             4.2       -0.871574       -0.490264
    43             4.3       -0.916164       -0.400802
    44             4.4       -0.951601       -0.307336
    45             4.5       -0.977529       -0.210799
    46             4.6        -0.99369       -0.112156
    47             4.7       -0.999923      -0.0123926
    48             4.8       -0.996165        0.087495
    49             4.9       -0.982453        0.186508
    50               5       -0.958925        0.283658
    51             5.1       -0.925816        0.377974
    52             5.2       -0.883456        0.468513
    53             5.3        -0.83227         0.55437
    54             5.4       -0.772767        0.634689
    55             5.5       -0.705543        0.708666
    56             5.6        -0.63127        0.775563
    57             5.7       -0.550689         0.83471
    58             5.8       -0.464606        0.885517
    59             5.9       -0.373881        0.927476
    60               6        -0.27942        0.960168
    61             6.1       -0.182167        0.983267
    62             6.2      -0.0830945        0.996541
    63             6.3       0.0168087        0.999858
    64             6.4        0.116544        0.993185
    65             6.5        0.215115        0.976588
    66             6.6        0.311536        0.950234
    67             6.7        0.404845        0.914385
    68             6.8        0.494108          0.8694
    69             6.9        0.578435        0.815728
    70               7        0.656982        0.753906
    71             7.1        0.728965        0.684551
    72             7.2        0.793664        0.608356
    73             7.3        0.850433        0.526082
    74             7.4        0.898705        0.438553
    75             7.5        0.937997        0.346641
    76             7.6        0.967918        0.251266
    77             7.7        0.988167         0.15338
    78             7.8        0.998542       0.0539619
    79             7.9        0.998941      -0.0459955
    80               8        0.989359       -0.145493
    81             8.1        0.969891       -0.243537
    82             8.2        0.940732       -0.339148
    83             8.3        0.902174        -0.43137
    84             8.4        0.854602       -0.519282
    85             8.5        0.798491       -0.602006
    86             8.6        0.734402       -0.678714
    87             8.7        0.662974       -0.748641
    88             8.8        0.584923       -0.811088
    89             8.9        0.501027       -0.865431
    90               9        0.412125       -0.911127
    91             9.1        0.319105       -0.947719
    92             9.2        0.222897       -0.974841
    93             9.3        0.124462       -0.992224
    94             9.4       0.0247832       -0.999692
    95             9.5      -0.0751432       -0.997172
    96             9.6       -0.174319       -0.984689
    97             9.7       -0.271753       -0.962366
    98             9.8       -0.366471       -0.930429
    99             9.9       -0.457528       -0.889194
   100              10       -0.544014       -0.839075
   101            10.1       -0.625064       -0.780573
   102            10.2       -0.699868       -0.714271
   103            10.3        -0.76768       -0.640833
   104            10.4       -0.827821       -0.560991
   105            10.5       -0.879691       -0.475544
   106            10.6       -0.922771       -0.385346
   107            10.7       -0.956632       -0.291298
   108            10.8       -0.980934       -0.194339
   109            10.9       -0.995435      -0.0954378
   110              11       -0.999989      0.00441656
   111            11.1       -0.994553        0.104227
   112            11.2       -0.979179        0.202996
   113            11.3       -0.954021        0.299736
   114            11.4       -0.919332        0.393482
   115            11.5       -0.875456        0.483296
   116            11.6       -0.822833        0.568281
   117            11.7       -0.761989        0.647588
   118            11.8       -0.693532        0.720425
   119            11.9       -0.618144        0.786064
   120              12       -0.536581        0.843848
   121            12.1       -0.449656        0.893201
   122            12.2       -0.358238        0.933629
   123            12.3       -0.263241        0.964729
   124            12.4       -0.165614         0.98619
   125            12.5      -0.0663322        0.997797
   126            12.6       0.0336126        0.999434
   127            12.7        0.133221        0.991085
   128            12.8        0.231499        0.972834
   129            12.9        0.327464        0.944863
   130              13        0.420157         0.90745
   131            13.1        0.508652        0.860971
   132            13.2        0.592064         0.80589
   133            13.3        0.669561        0.742756
   134            13.4        0.740368        0.672201
   135            13.5        0.803777        0.594929
   136            13.6        0.859155        0.511713
   137            13.7        0.905949        0.423384
   138            13.8        0.943691        0.330825
   139            13.9        0.972004        0.234961
   140              14        0.990605        0.136749
   141            14.1        0.999308         0.03717
   142            14.2        0.998026      -0.0627799
   143            14.3        0.986773       -0.162103
   144            14.4         0.96566       -0.259806
   145            14.5        0.934898       -0.354913
   146            14.6        0.894796       -0.446474
   147            14.7        0.845752       -0.533574
   148            14.8        0.788259       -0.615342
   149            14.9        0.722889       -0.690963
   150              15        0.650297       -0.759679
   151            15.1        0.571207       -0.820805
   152            15.2        0.486409        -0.87373
   153            15.3        0.396752       -0.917925
   154            15.4         0.30313       -0.952948
   155            15.5         0.20648        -0.97845
   156            15.6        0.107766       -0.994175
   157            15.7      0.00797621       -0.999967
   158            15.8      -0.0918937       -0.995768
   159            15.9       -0.190845       -0.981619
   160              16        -0.28789       -0.957662
   161            16.1       -0.382059       -0.924137
   162            16.2        -0.47241       -0.881378
   163            16.3        -0.55804       -0.829812
   164            16.4       -0.638095       -0.769956
   165            16.5       -0.711775       -0.702406
   166            16.6       -0.778343       -0.627838
   167            16.7       -0.837133       -0.546997
   168            16.8        -0.88756        -0.46069
   169            16.9       -0.929118       -0.369781
   170              17       -0.961392       -0.275177
   171            17.1       -0.984061       -0.177823
   172            17.2       -0.996898      -0.0786923
   173            17.3       -0.999774       0.0212244
   174            17.4        -0.99266        0.120929
   175            17.5       -0.975628        0.219426
   176            17.6       -0.948848         0.31573
   177            17.7       -0.912587        0.408879
   178            17.8       -0.867208        0.497943
   179            17.9       -0.813165        0.582031
   180              18       -0.750996        0.660305
   181            18.1       -0.681324         0.73198
   182            18.2       -0.604844        0.796342
   183            18.3       -0.522321        0.852748
   184            18.4       -0.434579        0.900632
   185            18.5       -0.342495        0.939518
   186            18.6       -0.246988        0.969017
   187            18.7       -0.149014        0.988834
   188            18.8      -0.0495512         0.99877
   189            18.9       0.0504069        0.998727
   190              19        0.149861        0.988706
   191            19.1        0.247819        0.968805
   192            19.2        0.343299        0.939225
   193            19.3         0.43535         0.90026
   194            19.4        0.523051          0.8523
   195            19.5        0.605526        0.795824
   196            19.6        0.681951        0.731396
   197            19.7        0.751562        0.659661
   198            19.8        0.813663        0.581334
   199            19.9        0.867635        0.497199
   200              20        0.912937        0.408097
   201            20.1        0.949118        0.314916
   202            20.2        0.975815        0.218589
   203            20.3        0.992763        0.120078
   204            20.4        0.999791       0.0203678
   205            20.5         0.99683      -0.0795465
   206            20.6        0.983908       -0.178666
   207            20.7        0.961156          -0.276
   208            20.8          0.9288       -0.370577
   209            20.9        0.887164       -0.461451
   210              21        0.836664       -0.547714
   211            21.1        0.777804       -0.628505
   212            21.2        0.711173       -0.703015
   213            21.3        0.637435       -0.770502
   214            21.4        0.557329        -0.83029
   215            21.5        0.471654       -0.881782
   216            21.6        0.381267       -0.924464
   217            21.7        0.287069       -0.957908
   218            21.8        0.190004       -0.981782
   219            21.9       0.0910404       -0.995846
   220              22     -0.00883303       -0.999959
   221            22.1       -0.108618       -0.994082
   222            22.2       -0.207318       -0.978272
   223            22.3       -0.303946       -0.952687
   224            22.4       -0.397538       -0.917584
   225            22.5       -0.487157       -0.873312
   226            22.6       -0.571909       -0.820315
   227            22.7       -0.650947       -0.759121
   228            22.8       -0.723481       -0.690342
   229            22.9       -0.788785       -0.614666
   230              23       -0.846209       -0.532848
   231            23.1       -0.895177       -0.445706
   232            23.2       -0.935202       -0.354111
   233            23.3       -0.965882       -0.258978
   234            23.4       -0.986911       -0.161257
   235            23.5       -0.998079      -0.0619247
   236            23.6       -0.999275       0.0380263
   237            23.7       -0.990487        0.137597
   238            23.8       -0.971802        0.235793
   239            23.9       -0.943406        0.331634
   240              24       -0.905585         0.42416
   241            24.1       -0.858716        0.512449
   242            24.2       -0.803266        0.595617
   243            24.3       -0.739791        0.672834
   244            24.4       -0.668924        0.743329
   245            24.5       -0.591373        0.806396
   246            24.6       -0.507913        0.861406
   247            24.7       -0.419379        0.907809
   248            24.8       -0.326654        0.945142
   249            24.9       -0.230665        0.973031
   250              25       -0.132372        0.991198
   251            25.1      -0.0327562        0.999462
   252            25.2       0.0671871        0.997739
   253            25.3        0.166459        0.986047
   254            25.4        0.264068        0.964502
   255            25.5        0.359038        0.933321
   256            25.6        0.450421        0.892814
   257            25.7        0.537303        0.843387
   258            25.8        0.618817        0.785533
   259            25.9        0.694148         0.71983
   260              26        0.762543        0.646935
   261            26.1        0.823319        0.567575
   262            26.2        0.875869        0.482545
   263            26.3        0.919667        0.392694
   264            26.4        0.954277        0.298918
   265            26.5        0.979351        0.202156
   266            26.6        0.994641        0.103374
   267            26.7        0.999992      0.00355971
   268            26.8        0.995351      -0.0962906
   269            26.9        0.980766       -0.195179
   270              27        0.956381       -0.292117
   271            27.1         0.92244       -0.386136
   272            27.2        0.879282       -0.476297
   273            27.3        0.827339       -0.561699
   274            27.4        0.767129       -0.641489
   275            27.5        0.699255        -0.71487
   276            27.6        0.624394       -0.781107
   277            27.7        0.543294        -0.83954
   278            27.8        0.456766       -0.889585
   279            27.9        0.365673       -0.930741
   280              28        0.270928       -0.962598
   281            28.1        0.173475       -0.984836
   282            28.2       0.0742887       -0.997235
   283            28.3      -0.0256398       -0.999669
   284            28.4       -0.125312       -0.992115
   285            28.5       -0.223732       -0.974649
   286            28.6       -0.319917       -0.947444
   287            28.7       -0.412905       -0.910772
   288            28.8       -0.501768          -0.865
   289            28.9       -0.585617       -0.810586
   290              29       -0.663615       -0.748072
   291            29.1       -0.734982       -0.678084
   292            29.2       -0.799005       -0.601321
   293            29.3       -0.855045       -0.518549
   294            29.4       -0.902542       -0.430597
   295            29.5       -0.941021       -0.338342
   296            29.6       -0.970098       -0.242706
   297            29.7       -0.989481       -0.144645
   298            29.8       -0.998979      -0.0451395
   299            29.9       -0.998494       0.0548174
   300              30       -0.988033        0.154227
   301            30.1         -0.9677        0.252095
   302            30.2       -0.937698        0.347444
   303            30.3       -0.898327        0.439322
   304            30.4       -0.849981         0.52681
   305            30.5       -0.793141        0.609035
   306            30.6       -0.728377        0.685174
   307            30.7       -0.656335        0.754467
   308            30.8       -0.577735        0.816222
   309            30.9       -0.493362        0.869821
   310              31        -0.40406         0.91473
   311            31.1       -0.310721        0.950499
   312            31.2       -0.214277        0.976771
   313            31.3       -0.115693        0.993283
   314            31.4      -0.0159519        0.999871
   315            31.5       0.0839482        0.996468
   316            31.6         0.18301        0.983109
   317            31.7        0.280242        0.959927
   318            31.8        0.374675        0.927154
   319            31.9        0.465364        0.885117
   320              32        0.551403        0.834236
   321            32.1        0.631933         0.77502
   322            32.2        0.706149         0.70806
   323            32.3        0.773309        0.634026
   324            32.4        0.832743        0.553656
   325            32.5        0.883856        0.467755
   326            32.6        0.926138         0.37718
   327            32.7        0.959166        0.282836
   328            32.8        0.982611        0.185666
   329            32.9        0.996237       0.0866412
   330              33         0.99991      -0.0132493
   331            33.1        0.993592       -0.113007
   332            33.2        0.977346       -0.211636
   333            33.3        0.951335       -0.308151
   334            33.4        0.915819       -0.401586
   335            33.5        0.871152       -0.491009
   336            33.6         0.81778       -0.575526
   337            33.7        0.756238       -0.654293
   338            33.8         0.68714       -0.726522
   339            33.9        0.611176       -0.791492
   340              34        0.529105       -0.848553
   341            34.1        0.441748       -0.897136
   342            34.2        0.349977       -0.936756
   343            34.3        0.254709       -0.967015
   344            34.4        0.156896       -0.987613
   345            34.5       0.0575159       -0.998342
   346            34.6      -0.0424392       -0.999097
   347            34.7        -0.14197       -0.989868
   348            34.8       -0.240083        -0.97075
   349            34.9       -0.335797       -0.941932
   350              35       -0.428155       -0.903702
   351            35.1       -0.516236       -0.856444
   352            35.2       -0.599159       -0.800627
   353            35.3       -0.676095       -0.736812
   354            35.4       -0.746275       -0.665634
   355            35.5       -0.808999       -0.587805
   356            35.6        -0.86364       -0.504104
   357            35.7       -0.909652       -0.415365
   358            35.8       -0.946575       -0.322476
   359            35.9        -0.97404       -0.226366
   360              36       -0.991773       -0.127993
   361            36.1       -0.999596      -0.0283416
   362            36.2       -0.997431       0.0715929
   363            36.3       -0.985301        0.170812
   364            36.4       -0.963326        0.268325
   365            36.5       -0.931726        0.363156
   366            36.6       -0.890816        0.454359
   367            36.7       -0.841005        0.541022
   368            36.8       -0.782792         0.62228
   369            36.9       -0.716757         0.69732
   370              37        -0.64356        0.765392
   371            37.1       -0.563933        0.825817
   372            37.2       -0.478672        0.877991
   373            37.3       -0.388628        0.921392
   374            37.4       -0.294701        0.955587
   375            37.5       -0.197829        0.980234
   376            37.6      -0.0989805        0.995087
   377            37.7      0.00085685        0.999997

RK4VEC_TEST:
  Normal end of execution.

RK4_TESTS:
  Normal end of execution.
Sun Feb  2 08:33:22 2020
