Wed Oct  8 07:30:32 2025

cvt_1d_sampling_test():
  Python version: 3.10.12
  Test cvt_1d_sampling()

cvt_1d_sampling():
  python version: 3.10.12
  numpy version:  1.26.4
  Generate a centroidal Voronoi tessellation (CVT)
  of the unit interval, using random starting points
  and random sampling to estimate Voronoi regions.

  Number of generators is 16
  Number of iterations is 20
  Number of samples    is 1000

  Initial generators:
[0.         0.02065176 0.02080212 0.04780158 0.13438605 0.22553317
 0.31542564 0.40483023 0.48350864 0.52787261 0.52800347 0.58071719
 0.58361866 0.58648017 0.81015132 1.        ]
len (m) =  16
[ 15.  17.  14.  58.  86.  88.  82.  84.  61.  20.  31.  19.   1. 103.
 215. 106.]
len (m) =  16
[ 11.  11.  17.  44.  85.  84.  88.  85.  59.  34.  32.  17.  33. 106.
 160. 134.]
len (m) =  16
[  8.  10.  24.  60.  91.  83.  81.  90.  57.  30.  26.  28.  55.  91.
 137. 129.]
len (m) =  16
[  4.  17.  28.  60.  65.  86. 100.  88.  42.  45.  33.  27.  55.  87.
 130. 133.]
len (m) =  16
[ 12.   9.  35.  49.  83.  72.  85.  72.  53.  38.  39.  38.  68.  79.
 126. 142.]
len (m) =  16
[ 17.  13.  37.  58.  72.  59.  75.  72.  62.  50.  38.  44.  63.  93.
 129. 118.]
len (m) =  16
[ 10.  19.  34.  43.  70.  73.  80.  48.  64.  49.  37.  48.  68.  87.
 132. 138.]
len (m) =  16
[ 24.  27.  33.  51.  65.  75.  70.  69.  64.  44.  42.  45.  90.  87.
  95. 119.]
len (m) =  16
[ 20.  14.  36.  58.  60.  75.  70.  74.  48.  52.  53.  57.  52.  96.
 124. 111.]
len (m) =  16
[ 21.  20.  47.  41.  86.  65.  67.  50.  56.  53.  38.  55.  59.  94.
 132. 116.]
len (m) =  16
[ 15.  29.  43.  48.  70.  73.  80.  59.  60.  54.  45.  63.  73.  93.
  85. 110.]
len (m) =  16
[ 34.  27.  35.  49.  58.  80.  52.  62.  58.  52.  55.  66.  64.  89.
 114. 105.]
len (m) =  16
[ 15.  32.  34.  29.  76.  91.  64.  66.  67.  49.  54.  48.  76.  85.
 102. 112.]
len (m) =  16
[ 24.  28.  46.  55.  49.  63.  71.  66.  55.  68.  54.  67.  68.  92.
  89. 105.]
len (m) =  16
[ 19.  34.  43.  53.  69.  69.  57.  64.  73.  56.  61.  55.  69.  82.
  88. 108.]
len (m) =  16
[ 25.  38.  39.  46.  56.  66.  61.  63.  70.  45.  68.  65.  86.  78.
 110.  84.]
len (m) =  16
[ 33.  32.  41.  48.  50.  71.  78.  55.  47.  48.  61.  79.  79.  78.
 105.  95.]
len (m) =  16
[24. 38. 48. 45. 48. 49. 80. 68. 59. 49. 75. 61. 82. 84. 93. 97.]
len (m) =  16
[ 31.  30.  38.  45.  54.  72.  60.  57.  70.  74.  57.  51.  78.  87.
 100.  96.]
  Graphics saved as "final.png"
len (m) =  16
[ 32.  26.  45.  56.  44.  56.  76.  55.  56.  54.  63.  64.  83.  95.
  94. 101.]

cvt_1d_sampling_test()
  Normal end of execution.
Wed Oct  8 07:30:34 2025
