Wed Oct  8 08:25:35 2025

mcnuggets_diophantine_test():
  python version: 3.10.12
  numpy version:  1.26.4
  mcnuggets_diophantine() finds the ways that you can
  get exact N chicken McNuggets when they only come in packages
  of 6, 9, and 20.

    0   1
[[0. 0. 0.]]

    1   0

    2   0

    3   0

    4   0

    5   0

    6   1
[[1. 0. 0.]]

    7   0

    8   0

    9   1
[[0. 1. 0.]]

   10   0

   11   0

   12   1
[[2. 0. 0.]]

   13   0

   14   0

   15   1
[[1. 1. 0.]]

   16   0

   17   0

   18   2
[[3. 0. 0.]
 [0. 2. 0.]]

   19   0

   20   1
[[0. 0. 1.]]

   21   1
[[2. 1. 0.]]

   22   0

   23   0

   24   2
[[4. 0. 0.]
 [1. 2. 0.]]

   25   0

   26   1
[[1. 0. 1.]]

   27   2
[[3. 1. 0.]
 [0. 3. 0.]]

   28   0

   29   1
[[0. 1. 1.]]

   30   2
[[5. 0. 0.]
 [2. 2. 0.]]

   31   0

   32   1
[[2. 0. 1.]]

   33   2
[[4. 1. 0.]
 [1. 3. 0.]]

   34   0

   35   1
[[1. 1. 1.]]

   36   3
[[6. 0. 0.]
 [3. 2. 0.]
 [0. 4. 0.]]

   37   0

   38   2
[[3. 0. 1.]
 [0. 2. 1.]]

   39   2
[[5. 1. 0.]
 [2. 3. 0.]]

   40   1
[[0. 0. 2.]]

   41   1
[[2. 1. 1.]]

   42   3
[[7. 0. 0.]
 [4. 2. 0.]
 [1. 4. 0.]]

   43   0

   44   2
[[4. 0. 1.]
 [1. 2. 1.]]

   45   3
[[6. 1. 0.]
 [3. 3. 0.]
 [0. 5. 0.]]

   46   1
[[1. 0. 2.]]

   47   2
[[3. 1. 1.]
 [0. 3. 1.]]

   48   3
[[8. 0. 0.]
 [5. 2. 0.]
 [2. 4. 0.]]

   49   1
[[0. 1. 2.]]

   50   2
[[5. 0. 1.]
 [2. 2. 1.]]

   51   3
[[7. 1. 0.]
 [4. 3. 0.]
 [1. 5. 0.]]

   52   1
[[2. 0. 2.]]

   53   2
[[4. 1. 1.]
 [1. 3. 1.]]

   54   4
[[9. 0. 0.]
 [6. 2. 0.]
 [3. 4. 0.]
 [0. 6. 0.]]

   55   1
[[1. 1. 2.]]

   56   3
[[6. 0. 1.]
 [3. 2. 1.]
 [0. 4. 1.]]

   57   3
[[8. 1. 0.]
 [5. 3. 0.]
 [2. 5. 0.]]

   58   2
[[3. 0. 2.]
 [0. 2. 2.]]

   59   2
[[5. 1. 1.]
 [2. 3. 1.]]

   60   5
[[10.  0.  0.]
 [ 7.  2.  0.]
 [ 4.  4.  0.]
 [ 1.  6.  0.]
 [ 0.  0.  3.]]

   61   1
[[2. 1. 2.]]

   62   3
[[7. 0. 1.]
 [4. 2. 1.]
 [1. 4. 1.]]

   63   4
[[9. 1. 0.]
 [6. 3. 0.]
 [3. 5. 0.]
 [0. 7. 0.]]

   64   2
[[4. 0. 2.]
 [1. 2. 2.]]

   65   3
[[6. 1. 1.]
 [3. 3. 1.]
 [0. 5. 1.]]

   66   5
[[11.  0.  0.]
 [ 8.  2.  0.]
 [ 5.  4.  0.]
 [ 2.  6.  0.]
 [ 1.  0.  3.]]

   67   2
[[3. 1. 2.]
 [0. 3. 2.]]

   68   3
[[8. 0. 1.]
 [5. 2. 1.]
 [2. 4. 1.]]

   69   5
[[10.  1.  0.]
 [ 7.  3.  0.]
 [ 4.  5.  0.]
 [ 1.  7.  0.]
 [ 0.  1.  3.]]

   70   2
[[5. 0. 2.]
 [2. 2. 2.]]

   71   3
[[7. 1. 1.]
 [4. 3. 1.]
 [1. 5. 1.]]

   72   6
[[12.  0.  0.]
 [ 9.  2.  0.]
 [ 6.  4.  0.]
 [ 3.  6.  0.]
 [ 2.  0.  3.]
 [ 0.  8.  0.]]

   73   2
[[4. 1. 2.]
 [1. 3. 2.]]

   74   4
[[9. 0. 1.]
 [6. 2. 1.]
 [3. 4. 1.]
 [0. 6. 1.]]

   75   5
[[11.  1.  0.]
 [ 8.  3.  0.]
 [ 5.  5.  0.]
 [ 2.  7.  0.]
 [ 1.  1.  3.]]

   76   3
[[6. 0. 2.]
 [3. 2. 2.]
 [0. 4. 2.]]

   77   3
[[8. 1. 1.]
 [5. 3. 1.]
 [2. 5. 1.]]

   78   7
[[13.  0.  0.]
 [10.  2.  0.]
 [ 7.  4.  0.]
 [ 4.  6.  0.]
 [ 3.  0.  3.]
 [ 1.  8.  0.]
 [ 0.  2.  3.]]

   79   2
[[5. 1. 2.]
 [2. 3. 2.]]

   80   5
[[10.  0.  1.]
 [ 7.  2.  1.]
 [ 4.  4.  1.]
 [ 1.  6.  1.]
 [ 0.  0.  4.]]

   81   6
[[12.  1.  0.]
 [ 9.  3.  0.]
 [ 6.  5.  0.]
 [ 3.  7.  0.]
 [ 2.  1.  3.]
 [ 0.  9.  0.]]

   82   3
[[7. 0. 2.]
 [4. 2. 2.]
 [1. 4. 2.]]

   83   4
[[9. 1. 1.]
 [6. 3. 1.]
 [3. 5. 1.]
 [0. 7. 1.]]

   84   7
[[14.  0.  0.]
 [11.  2.  0.]
 [ 8.  4.  0.]
 [ 5.  6.  0.]
 [ 4.  0.  3.]
 [ 2.  8.  0.]
 [ 1.  2.  3.]]

   85   3
[[6. 1. 2.]
 [3. 3. 2.]
 [0. 5. 2.]]

   86   5
[[11.  0.  1.]
 [ 8.  2.  1.]
 [ 5.  4.  1.]
 [ 2.  6.  1.]
 [ 1.  0.  4.]]

   87   7
[[13.  1.  0.]
 [10.  3.  0.]
 [ 7.  5.  0.]
 [ 4.  7.  0.]
 [ 3.  1.  3.]
 [ 1.  9.  0.]
 [ 0.  3.  3.]]

   88   3
[[8. 0. 2.]
 [5. 2. 2.]
 [2. 4. 2.]]

   89   5
[[10.  1.  1.]
 [ 7.  3.  1.]
 [ 4.  5.  1.]
 [ 1.  7.  1.]
 [ 0.  1.  4.]]

   90   8
[[15.  0.  0.]
 [12.  2.  0.]
 [ 9.  4.  0.]
 [ 6.  6.  0.]
 [ 5.  0.  3.]
 [ 3.  8.  0.]
 [ 2.  2.  3.]
 [ 0. 10.  0.]]

   91   3
[[7. 1. 2.]
 [4. 3. 2.]
 [1. 5. 2.]]

   92   6
[[12.  0.  1.]
 [ 9.  2.  1.]
 [ 6.  4.  1.]
 [ 3.  6.  1.]
 [ 2.  0.  4.]
 [ 0.  8.  1.]]

   93   7
[[14.  1.  0.]
 [11.  3.  0.]
 [ 8.  5.  0.]
 [ 5.  7.  0.]
 [ 4.  1.  3.]
 [ 2.  9.  0.]
 [ 1.  3.  3.]]

   94   4
[[9. 0. 2.]
 [6. 2. 2.]
 [3. 4. 2.]
 [0. 6. 2.]]

   95   5
[[11.  1.  1.]
 [ 8.  3.  1.]
 [ 5.  5.  1.]
 [ 2.  7.  1.]
 [ 1.  1.  4.]]

   96   9
[[16.  0.  0.]
 [13.  2.  0.]
 [10.  4.  0.]
 [ 7.  6.  0.]
 [ 6.  0.  3.]
 [ 4.  8.  0.]
 [ 3.  2.  3.]
 [ 1. 10.  0.]
 [ 0.  4.  3.]]

   97   3
[[8. 1. 2.]
 [5. 3. 2.]
 [2. 5. 2.]]

   98   7
[[13.  0.  1.]
 [10.  2.  1.]
 [ 7.  4.  1.]
 [ 4.  6.  1.]
 [ 3.  0.  4.]
 [ 1.  8.  1.]
 [ 0.  2.  4.]]

   99   8
[[15.  1.  0.]
 [12.  3.  0.]
 [ 9.  5.  0.]
 [ 6.  7.  0.]
 [ 5.  1.  3.]
 [ 3.  9.  0.]
 [ 2.  3.  3.]
 [ 0. 11.  0.]]

  100   5
[[10.  0.  2.]
 [ 7.  2.  2.]
 [ 4.  4.  2.]
 [ 1.  6.  2.]
 [ 0.  0.  5.]]

mcnuggets_diophantine_test():
  Normal end of execution.
Wed Oct  8 08:25:35 2025
