  2
  1.97406
  1.88853
  1.97988
  1.97199
  1.97458
  1.99312
  2.10151
  2.15613
  2.10954
  2.0703
  2.16104
  2.04492
  1.95778
  1.96631
  1.9846
  1.87928
  1.89141
  1.91992
  1.89132
  1.93089
  1.8805
  1.83599
  1.79233
  1.74996
  1.7977
  1.88253
  1.91773
  2.00531
  1.93544
  1.90269
  1.90972
  1.86769
  1.92376
  1.89556
  1.95989
  2.03447
  2.08452
  2.20242
  2.19693
  2.28035
  2.3035
  2.31318
  2.29545
  2.29002
  2.24309
  2.19038
  2.27684
  2.24836
  2.24331
  2.28524
  2.27937
  2.28459
  2.31633
  2.31439
  2.37361
  2.26585
  2.28094
  2.29488
  2.27711
  2.39033
  2.47382
  2.61497
  2.51045
  2.45599
  2.4363
  2.45836
  2.45363
  2.49807
  2.4837
  2.43181
  2.37893
  2.48276
  2.32483
  2.35699
  2.37328
  2.36861
  2.40836
  2.41339
  2.49966
  2.59393
  2.57897
  2.6686
  2.73505
  2.79484
  2.7262
  2.67744
  2.65701
  2.49605
  2.53493
  2.52372
  2.47948
  2.57027
  2.54466
  2.46831
  2.45674
  2.50435
  2.40076
  2.31223
  2.35429
  2.3588
