Wed Oct  8 07:26:12 2025

asa226_test():
  python version: 3.10.12
  numpy version:  1.26.4
  Test asa226().

asa226_test01():
  betanc() computes the noncentral incomplete beta function.
  Compare to tabulated values.

      A       B   LAMBDA      X       FX                        FX2
                                      (Tabulated)              (BETANC)                DIFF

    5.00    5.00   54.00    0.86    4.5630209999999999e-01    4.5630254559098349e-01  4.4559e-07
    5.00    5.00  140.00    0.90    1.0413370000000000e-01    1.0413343678444076e-01  2.6322e-07
    5.00    5.00  170.00    0.96    6.0223530000000003e-01    6.0224208497307374e-01  6.7850e-06
   10.00   10.00   54.00    0.87    9.1877699999999995e-01    9.1877904695095958e-01  2.0470e-06
   10.00   10.00  140.00    0.90    6.0081059999999997e-01    6.0080704491157422e-01  3.5551e-06
   10.00   10.00  250.00    0.90    9.0285000000000004e-02    9.0117497674840105e-02  1.6750e-04
   20.00   20.00   54.00    0.88    9.9986549999999996e-01    9.9986758957011168e-01  2.0896e-06
   20.00   20.00  140.00    0.90    9.9259969999999997e-01    9.9259741547279978e-01  2.2845e-06
   20.00   20.00  250.00    0.92    9.6411119999999995e-01    9.5493818637732331e-01  9.1730e-03
   10.00   20.00  150.00    0.87    9.3766265729999998e-01    9.3766342994376095e-01  7.7264e-07
   10.00   10.00  120.00    0.90    7.3068178579999998e-01    7.3068231226650837e-01  5.2647e-07
   15.00    5.00   80.00    0.88    1.6042569179999999e-01    1.6042565663705635e-01  3.5163e-08
   20.00   10.00  110.00    0.85    1.8674853129999999e-01    1.8674849738477309e-01  3.3915e-08
   20.00   30.00   65.00    0.66    6.5593868740000005e-01    6.5593875023198012e-01  6.2832e-08
   20.00   50.00  130.00    0.72    9.7968814859999998e-01    9.7968906185079185e-01  9.1325e-07
   30.00   20.00   80.00    0.72    1.1623864230000000e-01    1.1623858350915013e-01  5.8791e-08
   30.00   40.00  130.00    0.80    9.9304300540000001e-01    9.9304444354699983e-01  1.4381e-06
   10.00    5.00   20.00    0.64    5.0689927300000000e-02    5.0689880366475829e-02  4.6934e-08
   10.00   10.00   54.00    0.70    1.0309597060000000e-01    1.0309589629857359e-01  7.4301e-08
   10.00   30.00   80.00    0.78    9.9784178320000005e-01    9.9784463090526598e-01  2.8477e-06
   15.00   20.00  120.00    0.76    2.5555523689999998e-01    2.5555518805671307e-01  4.8843e-08
   10.00    5.00   55.00    0.80    6.6830706399999995e-02    6.6830664575136103e-02  4.1825e-08
   12.00   17.00   64.00    0.56    1.1360106700000001e-02    1.1360070466912070e-02  3.6233e-08
   30.00   30.00  140.00    0.80    7.8133666150000003e-01    7.8133698520729655e-01  3.2371e-07
   35.00   30.00   20.00    0.67    8.8671264770000002e-01    8.8671255693544482e-01  9.0765e-08

asa226_test():
  Normal end of execution.
Wed Oct  8 07:26:12 2025
