Sat Feb  1 15:36:25 2020

PINK_NOISE_TEST:
  Python version: 3.6.9
  Test the PINK_NOISE library.

CDELAY2_TEST
  CDELAY2 is a circular buffer implementation
  of an M-fold delay.  Q is a counter
  which is decremented by CDELAY2, but reset to M
  after it reaches 0.

   I   M  Qin  Qout

   1   2   2   1
   2   2   1   0
   3   2   0   2
   4   2   2   1
   5   2   1   0
   6   2   0   2
   7   2   2   1
   8   2   1   0
   9   2   0   2

   I   M  Qin  Qout

   1   3   3   2
   2   3   2   1
   3   3   1   0
   4   3   0   3
   5   3   3   2
   6   3   2   1
   7   3   1   0
   8   3   0   3
   9   3   3   2
  10   3   2   1
  11   3   1   0
  12   3   0   3

   I   M  Qin  Qout

   1   4   4   3
   2   4   3   2
   3   4   2   1
   4   4   1   0
   5   4   0   4
   6   4   4   3
   7   4   3   2
   8   4   2   1
   9   4   1   0
  10   4   0   4
  11   4   4   3
  12   4   3   2
  13   4   2   1
  14   4   1   0
  15   4   0   4

CORR_TEST
  CORR computes the sample correlations of a signal.

  Correlations of y=sin(x) with lags 0, 1, 2, ...

     0:       0.49505
     1:      0.486281
     2:      0.460633
     3:       0.41935
     4:      0.364205
     5:      0.297429
     6:      0.221616
     7:      0.139632
     8:     0.0544979
     9:    -0.0307152
    10:        -0.113

CROSS_CORR_TEST
  CROSS_CORR computes the sample cross correlations
  between two signals.

  Correlations of y1=sin(x), y2=sin(x+pi/10) with lags 0, 1, 2, ...

     0:       0.47082
     1:      0.491146
     2:      0.493846
     3:      0.479173
     4:      0.447993
     5:      0.401737
     6:      0.342346
     7:      0.272186
     8:      0.193955
     9:      0.110584
    10:     0.0251235

RAN1F_TEST
  RAN1F generates random values with an approximate
  1/F distribution.

   B   I      Y

   1   1    0.202747
   1   2   -0.488926
   1   3   -0.512518
   1   4   -0.671357
   1   5    0.370706
   1   6    0.513128
   1   7    0.162664
   1   8    0.691605
   1   9    0.499004
   1  10    0.562558
   1  11    0.746584
   1  12   -0.680292
   1  13    0.772281
   1  14   -0.532879
   1  15    0.692967
   1  16    0.063399
   1  17   -0.673478
   1  18   -0.463619
   1  19   -0.987859
   1  20   -0.372583

   B   I      Y

   1   1    0.583166
   1   2    0.631832
   1   3   -0.395484
   1   4    0.558129
   1   5    0.496869
   1   6   -0.613558
   1   7    0.376102
   1   8   -0.125026
   1   9   -0.582561
   1  10   -0.896947
   1  11    0.388742
   1  12   -0.616835
   1  13    0.403343
   1  14   -0.725611
   1  15   -0.143804
   1  16    0.910175
   1  17    0.499178
   1  18    0.527739
   1  19   -0.214865
   1  20    0.026861

   B   I      Y

   1   1    0.102576
   1   2   -0.974610
   1   3    0.781931
   1   4   -0.199136
   1   5   -0.570308
   1   6    0.518257
   1   7   -0.197267
   1   8   -0.622805
   1   9   -0.851374
   1  10    0.958939
   1  11    0.225895
   1  12    0.379819
   1  13    0.195851
   1  14   -0.350501
   1  15    0.249944
   1  16   -0.032787
   1  17   -0.523637
   1  18   -0.475809
   1  19   -0.781832
   1  20   -0.183990

   B   I      Y

   1   1    0.881084
   1   2    0.522118
   1   3    0.112893
   1   4    0.278501
   1   5    0.869415
   1   6   -0.765137
   1   7    0.427778
   1   8   -0.399619
   1   9    0.530682
   1  10    0.868296
   1  11   -0.191069
   1  12   -0.229098
   1  13    0.616776
   1  14    0.764286
   1  15    0.892272
   1  16   -0.913069
   1  17   -0.928951
   1  18    0.945365
   1  19   -0.314394
   1  20   -0.207916

   B   I      Y

   2   1    0.827541
   2   2    0.533198
   2   3   -0.812298
   2   4   -0.345989
   2   5    0.573484
   2   6    0.452224
   2   7    0.323490
   2   8   -0.410761
   2   9   -0.045037
   2  10    0.524837
   2  11    0.192274
   2  12   -0.416563
   2  13   -0.064758
   2  14   -0.412603
   2  15   -0.309479
   2  16   -0.291906
   2  17    0.352345
   2  18   -0.001751
   2  19   -0.249974
   2  20   -0.327833

   B   I      Y

   2   1    0.873554
   2   2    0.829938
   2   3    0.162784
   2   4    0.956632
   2   5   -0.041369
   2   6    0.315824
   2   7    0.353028
   2   8    0.116881
   2   9   -0.460116
   2  10   -0.213298
   2  11    0.336656
   2  12    0.709255
   2  13   -0.770213
   2  14   -0.750448
   2  15   -0.365416
   2  16   -0.058414
   2  17    0.469819
   2  18    0.711917
   2  19    0.236565
   2  20    0.300190

   B   I      Y

   2   1    0.688671
   2   2    0.063944
   2   3    0.023314
   2   4   -0.321838
   2   5    0.103334
   2   6   -0.693727
   2   7   -0.031077
   2   8   -0.339520
   2   9    0.254818
   2  10   -0.040851
   2  11    0.194575
   2  12    0.252711
   2  13   -0.459457
   2  14   -0.443111
   2  15    0.388717
   2  16    0.413592
   2  17    0.036624
   2  18    0.206513
   2  19    0.667343
   2  20    0.710852

   B   I      Y

   2   1    0.644102
   2   2    0.456984
   2   3    0.476285
   2   4    0.473256
   2   5    0.402106
   2   6   -0.149624
   2   7   -0.776950
   2   8    0.011817
   2   9    0.434746
   2  10    0.756422
   2  11    0.040880
   2  12   -0.106757
   2  13   -0.048922
   2  14   -0.350580
   2  15    0.331167
   2  16    0.545880
   2  17    0.289634
   2  18   -0.410185
   2  19    0.169333
   2  20    0.173489

   B   I      Y

   4   1    0.383525
   4   2    0.289684
   4   3    0.056428
   4   4    0.352945
   4   5    0.574840
   4   6    0.210852
   4   7    0.015026
   4   8    0.222077
   4   9   -0.163288
   4  10   -0.270566
   4  11    0.363509
   4  12    0.049672
   4  13    0.186937
   4  14    0.264701
   4  15    0.372683
   4  16    0.369456
   4  17    0.201902
   4  18    0.369469
   4  19   -0.025950
   4  20    0.313829

   B   I      Y

   4   1    0.492928
   4   2    0.388598
   4   3    0.068671
   4   4    0.036361
   4   5    0.316032
   4   6    0.369478
   4   7    0.303609
   4   8    0.267769
   4   9   -0.409080
   4  10   -0.469906
   4  11   -0.144917
   4  12    0.023446
   4  13   -0.166191
   4  14   -0.023125
   4  15   -0.082150
   4  16    0.005900
   4  17   -0.058261
   4  18   -0.176904
   4  19    0.175689
   4  20    0.210719

   B   I      Y

   4   1    0.251051
   4   2    0.138188
   4   3   -0.025499
   4   4    0.127766
   4   5    0.531412
   4   6    0.344646
   4   7    0.248125
   4   8    0.598887
   4   9    0.188138
   4  10    0.308253
   4  11    0.619783
   4  12    0.315146
   4  13   -0.224387
   4  14   -0.269123
   4  15    0.298409
   4  16    0.144779
   4  17   -0.142132
   4  18    0.296961
   4  19    0.027520
   4  20    0.339782

   B   I      Y

   4   1    0.474314
   4   2    0.447366
   4   3    0.061064
   4   4    0.228039
   4   5   -0.099448
   4   6    0.008596
   4   7   -0.203597
   4   8    0.133639
   4   9    0.205567
   4  10   -0.154138
   4  11    0.094643
   4  12    0.121789
   4  13    0.007027
   4  14   -0.145041
   4  15    0.272316
   4  16    0.023073
   4  17   -0.425919
   4  18   -0.218338
   4  19   -0.370840
   4  20   -0.243076

   B   I      Y

   8   1    0.251256
   8   2    0.322230
   8   3    0.156982
   8   4    0.118526
   8   5    0.360353
   8   6    0.330588
   8   7    0.286079
   8   8    0.225634
   8   9    0.061224
   8  10    0.212864
   8  11    0.157328
   8  12    0.240369
   8  13    0.297512
   8  14    0.256429
   8  15    0.262111
   8  16    0.281088
   8  17   -0.091216
   8  18    0.059016
   8  19    0.146259
   8  20    0.034902

   B   I      Y

   8   1    0.744682
   8   2    0.591439
   8   3    0.578379
   8   4    0.502735
   8   5    0.421157
   8   6    0.487582
   8   7    0.305337
   8   8    0.445175
   8   9    0.746066
   8  10    0.664444
   8  11    0.637287
   8  12    0.555576
   8  13    0.486771
   8  14    0.410524
   8  15    0.436146
   8  16    0.378819
   8  17    0.448353
   8  18    0.291749
   8  19    0.356229
   8  20    0.243352

   B   I      Y

   8   1    0.520252
   8   2    0.454298
   8   3    0.418120
   8   4    0.516167
   8   5    0.487973
   8   6    0.334835
   8   7    0.198969
   8   8    0.204401
   8   9    0.329786
   8  10    0.269445
   8  11    0.330313
   8  12    0.357073
   8  13    0.377254
   8  14    0.368205
   8  15    0.123635
   8  16    0.235495
   8  17    0.447706
   8  18    0.450522
   8  19    0.536709
   8  20    0.353459

   B   I      Y

   8   1    0.328201
   8   2    0.425708
   8   3    0.209971
   8   4    0.366407
   8   5    0.279679
   8   6    0.209079
   8   7    0.224201
   8   8    0.169105
   8   9    0.442797
   8  10    0.392828
   8  11    0.494550
   8  12    0.427081
   8  13    0.261425
   8  14    0.131439
   8  15    0.185399
   8  16    0.287982
   8  17    0.083484
   8  18    0.081423
   8  19    0.095864
   8  20    0.109605

   B   I      Y

  16   1    0.492514
  16   2    0.476158
  16   3    0.332422
  16   4    0.415094
  16   5    0.321422
  16   6    0.342111
  16   7    0.352622
  16   8    0.388516
  16   9    0.335564
  16  10    0.351347
  16  11    0.312149
  16  12    0.374064
  16  13    0.232416
  16  14    0.245638
  16  15    0.245650
  16  16    0.268109
  16  17    0.174111
  16  18    0.249156
  16  19    0.281305
  16  20    0.278011

   B   I      Y

  16   1    0.496937
  16   2    0.482648
  16   3    0.401531
  16   4    0.474538
  16   5    0.350904
  16   6    0.378844
  16   7    0.387064
  16   8    0.454643
  16   9    0.469063
  16  10    0.470212
  16  11    0.429395
  16  12    0.427273
  16  13    0.239368
  16  14    0.213592
  16  15    0.383321
  16  16    0.328461
  16  17    0.368683
  16  18    0.354857
  16  19    0.376428
  16  20    0.320657

   B   I      Y

  16   1    0.517128
  16   2    0.444400
  16   3    0.503140
  16   4    0.485245
  16   5    0.386707
  16   6    0.348265
  16   7    0.407829
  16   8    0.321410
  16   9    0.449049
  16  10    0.408537
  16  11    0.518813
  16  12    0.547653
  16  13    0.439693
  16  14    0.453630
  16  15    0.442871
  16  16    0.345687
  16  17    0.492760
  16  18    0.386982
  16  19    0.473507
  16  20    0.508130

   B   I      Y

  16   1    0.559056
  16   2    0.478852
  16   3    0.580930
  16   4    0.513417
  16   5    0.514668
  16   6    0.495198
  16   7    0.403252
  16   8    0.471968
  16   9    0.498784
  16  10    0.447985
  16  11    0.455868
  16  12    0.532418
  16  13    0.383412
  16  14    0.422087
  16  15    0.338515
  16  16    0.333928
  16  17    0.481591
  16  18    0.438634
  16  19    0.364026
  16  20    0.336334

RANH_TEST
  RANH is a random hold function.
  Given a value U and a delay D, it returns the value
  U for D calls, then resets U.

   I   D   Q      U           Y

   1   5   2    0.500000    0.500000
   2   5   1    0.500000    0.500000
   3   5   0    0.513511    0.500000
   4   5   4    0.513511    0.513511
   5   5   3    0.513511    0.513511
   6   5   2    0.513511    0.513511
   7   5   1    0.513511    0.513511
   8   5   0   -0.829870    0.513511
   9   5   4   -0.829870   -0.829870
  10   5   3   -0.829870   -0.829870
  11   5   2   -0.829870   -0.829870
  12   5   1   -0.829870   -0.829870
  13   5   0    0.619724   -0.829870
  14   5   4    0.619724    0.619724
  15   5   3    0.619724    0.619724
  16   5   2    0.619724    0.619724
  17   5   1    0.619724    0.619724
  18   5   0   -0.629458    0.619724
  19   5   4   -0.629458   -0.629458
  20   5   3   -0.629458   -0.629458

   I   D   Q      U           Y

   1   4   2    0.500000    0.500000
   2   4   1    0.500000    0.500000
   3   4   0    0.734497    0.500000
   4   4   3    0.734497    0.734497
   5   4   2    0.734497    0.734497
   6   4   1    0.734497    0.734497
   7   4   0   -0.560257    0.734497
   8   4   3   -0.560257   -0.560257
   9   4   2   -0.560257   -0.560257
  10   4   1   -0.560257   -0.560257
  11   4   0    0.468684   -0.560257
  12   4   3    0.468684    0.468684
  13   4   2    0.468684    0.468684
  14   4   1    0.468684    0.468684
  15   4   0   -0.047633    0.468684
  16   4   3   -0.047633   -0.047633
  17   4   2   -0.047633   -0.047633
  18   4   1   -0.047633   -0.047633
  19   4   0   -0.016455   -0.047633
  20   4   3   -0.016455   -0.016455

   I   D   Q      U           Y

   1   3   2    0.500000    0.500000
   2   3   1    0.500000    0.500000
   3   3   0    0.285618    0.500000
   4   3   2    0.285618    0.285618
   5   3   1    0.285618    0.285618
   6   3   0    0.814707    0.285618
   7   3   2    0.814707    0.814707
   8   3   1    0.814707    0.814707
   9   3   0   -0.528718    0.814707
  10   3   2   -0.528718   -0.528718
  11   3   1   -0.528718   -0.528718
  12   3   0   -0.325682   -0.528718
  13   3   2   -0.325682   -0.325682
  14   3   1   -0.325682   -0.325682
  15   3   0    0.919073   -0.325682
  16   3   2    0.919073    0.919073
  17   3   1    0.919073    0.919073
  18   3   0    0.555735    0.919073
  19   3   2    0.555735    0.555735
  20   3   1    0.555735    0.555735

   I   D   Q      U           Y

   1   2   0   -0.804374    0.500000
   2   2   1   -0.804374   -0.804374
   3   2   0   -0.324030   -0.804374
   4   2   1   -0.324030   -0.324030
   5   2   0   -0.566423   -0.324030
   6   2   1   -0.566423   -0.566423
   7   2   0    0.676866   -0.566423
   8   2   1    0.676866    0.676866
   9   2   0   -0.720057    0.676866
  10   2   1   -0.720057   -0.720057
  11   2   0    0.653205   -0.720057
  12   2   1    0.653205    0.653205
  13   2   0    0.199046    0.653205
  14   2   1    0.199046    0.199046
  15   2   0   -0.521000    0.199046
  16   2   1   -0.521000   -0.521000
  17   2   0    0.178942   -0.521000
  18   2   1    0.178942    0.178942
  19   2   0    0.483775    0.178942
  20   2   1    0.483775    0.483775

   I   D   Q      U           Y

   1   1   0   -0.562477    0.500000
   2   1   0    0.423609   -0.562477
   3   1   0   -0.232820    0.423609
   4   1   0   -0.838388   -0.232820
   5   1   0   -0.684994   -0.838388
   6   1   0    0.367911   -0.684994
   7   1   0    0.693797    0.367911
   8   1   0    0.911911    0.693797
   9   1   0    0.437587    0.911911
  10   1   0    0.308457    0.437587
  11   1   0   -0.767610    0.308457
  12   1   0    0.775366   -0.767610
  13   1   0    0.313393    0.775366
  14   1   0    0.994298    0.313393
  15   1   0    0.355850    0.994298
  16   1   0   -0.787217    0.355850
  17   1   0    0.234287   -0.787217
  18   1   0    0.010477    0.234287
  19   1   0    0.326576    0.010477
  20   1   0    0.727176    0.326576

WRAP2_TEST
  WRAP2 performs a circular wrap.
  Q is expected to range between 0 and M.
  WRAP2 takes an input value of Q, and either
  increments it by M+1 until in the range, or
  decrements it by M+1 until in the range,
  and returns the result as the function value.

   M  Qin  Qout

   2  -5   1
   2  -4   2
   2  -3   0
   2  -2   1
   2  -1   2
   2   0   0
   2   1   1
   2   2   2
   2   3   0
   2   4   1
   2   5   2

   M  Qin  Qout

   3  -5   3
   3  -4   0
   3  -3   1
   3  -2   2
   3  -1   3
   3   0   0
   3   1   1
   3   2   2
   3   3   3
   3   4   0
   3   5   1
   3   6   2
   3   7   3
   3   8   0

   M  Qin  Qout

   4  -5   0
   4  -4   1
   4  -3   2
   4  -2   3
   4  -1   4
   4   0   0
   4   1   1
   4   2   2
   4   3   3
   4   4   4
   4   5   0
   4   6   1
   4   7   2
   4   8   3
   4   9   4
   4  10   0
   4  11   1

PINK_NOISE_TEST:
  Normal end of execution.

Sat Feb  1 15:36:25 2020
