2.700000000000000000e+01
8.200000000000000000e+01
4.100000000000000000e+01
1.240000000000000000e+02
6.200000000000000000e+01
3.100000000000000000e+01
9.400000000000000000e+01
4.700000000000000000e+01
1.420000000000000000e+02
7.100000000000000000e+01
2.140000000000000000e+02
1.070000000000000000e+02
3.220000000000000000e+02
1.610000000000000000e+02
4.840000000000000000e+02
2.420000000000000000e+02
1.210000000000000000e+02
3.640000000000000000e+02
1.820000000000000000e+02
9.100000000000000000e+01
2.740000000000000000e+02
1.370000000000000000e+02
4.120000000000000000e+02
2.060000000000000000e+02
1.030000000000000000e+02
3.100000000000000000e+02
1.550000000000000000e+02
4.660000000000000000e+02
2.330000000000000000e+02
7.000000000000000000e+02
3.500000000000000000e+02
1.750000000000000000e+02
5.260000000000000000e+02
2.630000000000000000e+02
7.900000000000000000e+02
3.950000000000000000e+02
1.186000000000000000e+03
5.930000000000000000e+02
1.780000000000000000e+03
8.900000000000000000e+02
4.450000000000000000e+02
1.336000000000000000e+03
6.680000000000000000e+02
3.340000000000000000e+02
1.670000000000000000e+02
5.020000000000000000e+02
2.510000000000000000e+02
7.540000000000000000e+02
3.770000000000000000e+02
1.132000000000000000e+03
5.660000000000000000e+02
2.830000000000000000e+02
8.500000000000000000e+02
4.250000000000000000e+02
1.276000000000000000e+03
6.380000000000000000e+02
3.190000000000000000e+02
9.580000000000000000e+02
4.790000000000000000e+02
1.438000000000000000e+03
7.190000000000000000e+02
2.158000000000000000e+03
1.079000000000000000e+03
3.238000000000000000e+03
1.619000000000000000e+03
4.858000000000000000e+03
2.429000000000000000e+03
7.288000000000000000e+03
3.644000000000000000e+03
1.822000000000000000e+03
9.110000000000000000e+02
2.734000000000000000e+03
1.367000000000000000e+03
4.102000000000000000e+03
2.051000000000000000e+03
6.154000000000000000e+03
3.077000000000000000e+03
9.232000000000000000e+03
4.616000000000000000e+03
2.308000000000000000e+03
1.154000000000000000e+03
5.770000000000000000e+02
1.732000000000000000e+03
8.660000000000000000e+02
4.330000000000000000e+02
1.300000000000000000e+03
6.500000000000000000e+02
3.250000000000000000e+02
9.760000000000000000e+02
4.880000000000000000e+02
2.440000000000000000e+02
1.220000000000000000e+02
6.100000000000000000e+01
1.840000000000000000e+02
9.200000000000000000e+01
4.600000000000000000e+01
2.300000000000000000e+01
7.000000000000000000e+01
3.500000000000000000e+01
1.060000000000000000e+02
5.300000000000000000e+01
1.600000000000000000e+02
8.000000000000000000e+01
4.000000000000000000e+01
2.000000000000000000e+01
1.000000000000000000e+01
5.000000000000000000e+00
1.600000000000000000e+01
8.000000000000000000e+00
4.000000000000000000e+00
2.000000000000000000e+00
1.000000000000000000e+00
