0 143 56.3  85.0 
0 155 62.3 105.0 
0 153 63.3 108.0 
0 161 59.0  92.0
0 191 62.5 112.5 
0 171 62.5 112.0 
0 185 59.0 104.0 
0 142 56.5  69.0
0 160 62.0  94.5 
0 140 53.8  68.5 
0 139 61.5 104.0 
0 178 61.5 103.5
0 157 64.5 123.5 
0 149 58.3  93.0 
0 143 51.3  50.5 
0 145 58.8  89.0
0 191 65.3 107.0 
0 150 59.5  78.5 
0 147 61.3 115.0 
0 180 63.3 114.0
0 141 61.8  85.0 
0 140 53.5  81.0 
0 164 58.0  83.5 
0 176 61.3 112.0
0 185 63.3 101.0 
0 166 61.5 103.5 
0 175 60.8  93.5 
0 180 59.0 112.0
0 210 65.5 140.0 
0 146 56.3  83.5 
0 170 64.3  90.0 
0 162 58.0  84.0
0 149 64.3 110.5 
0 139 57.5  96.0 
0 186 57.8  95.0 
0 197 61.5 121.0
0 169 62.3  99.5 
0 177 61.8 142.5 
0 185 65.3 118.0 
0 182 58.3 104.5
0 173 62.8 102.5 
0 166 59.3  89.5 
0 168 61.5  95.0 
0 169 62.0  98.5
0 150 61.3  94.0 
0 184 62.3 108.0 
0 139 52.8  63.5 
0 147 59.8  84.5
0 144 59.5  93.5 
0 177 61.3 112.0 
0 178 63.5 148.5 
0 197 64.8 112.0
0 146 60.0 109.0 
0 145 59.0  91.5 
0 147 55.8  75.0 
0 145 57.8  84.0
0 155 61.3 107.0 
0 167 62.3  92.5 
0 183 64.3 109.5 
0 143 55.5  84.0
0 183 64.5 102.5 
0 185 60.0 106.0 
0 148 56.3  77.0 
0 147 58.3 111.5
0 154 60.0 114.0 
0 156 54.5  75.0 
0 144 55.8  73.5 
0 154 62.8  93.5
0 152 60.5 105.0 
0 191 63.3 113.5 
0 190 66.8 140.0 
0 140 60.0  77.0
0 148 60.5  84.5 
0 189 64.3 113.5 
0 143 58.3  77.5 
0 178 66.5 117.5
0 164 65.3  98.0 
0 157 60.5 112.0 
0 147 59.5 101.0 
0 148 59.0  95.0
0 177 61.3  81.0 
0 171 61.5  91.0 
0 172 64.8 142.0 
0 190 56.8  98.5
0 183 66.5 112.0 
0 143 61.5 116.5 
0 179 63.0  98.5 
0 186 57.0  83.5
0 182 65.5 133.0 
0 182 62.0  91.5 
0 142 56.0  72.5 
0 165 61.3 106.5
0 165 55.5  67.0 
0 154 61.0 122.5 
0 150 54.5  74.0 
0 155 66.0 144.5
0 163 56.5  84.0 
0 141 56.0  72.5 
0 147 51.5  64.0 
0 210 62.0 116.0
0 171 63.0  84.0 
0 167 61.0  93.5 
0 182 64.0 111.5 
0 144 61.0  92.0
0 193 59.8 115.0 
0 141 61.3  85.0 
0 164 63.3 108.0 
0 186 63.5 108.0
0 169 61.5  85.0 
0 175 60.3  86.0 
0 180 61.3 110.5 
1 165 64.8  98.0
1 157 60.5 105.0 
1 144 57.3  76.5 
1 150 59.5  84.0 
1 150 60.8 128.0
1 139 60.5  87.0 
1 189 67.0 128.0 
1 183 64.8 111.0 
1 147 50.5  79.0
1 146 57.5  90.0 
1 160 60.5  84.0 
1 156 61.8 112.0 
1 173 61.3  93.0
1 151 66.3 117.0 
1 141 53.3  84.0 
1 150 59.0  99.5 
1 164 57.8  95.0
1 153 60.0  84.0 
1 206 68.3 134.0 
1 250 67.5 171.5 
1 176 63.8  98.5
1 176 65.0 118.5 
1 140 59.5  94.5 
1 185 66.0 105.0 
1 180 61.8 104.0
1 146 57.3  83.0 
1 183 66.0 105.5 
1 140 56.5  84.0 
1 151 58.3  86.0
1 151 61.0  81.0 
1 144 62.8  94.0 
1 160 59.3  78.5 
1 178 67.3 119.5
1 193 66.3 133.0 
1 162 64.5 119.0 
1 164 60.5  95.0 
1 186 66.0 112.0
1 143 57.5  75.0 
1 175 64.0  92.0 
1 175 68.0 112.0 
1 175 63.5  98.5
1 173 69.0 112.5 
1 170 63.8 112.5 
1 174 66.0 108.0 
1 164 63.5 108.0
1 144 59.5  88.0 
1 156 66.3 106.0 
1 149 57.0  92.0 
1 144 60.0 117.5
1 147 57.0  84.0 
1 188 67.3 112.0 
1 169 62.0 100.0 
1 172 65.0 112.0
1 150 59.5  84.0 
1 193 67.8 127.5 
1 157 58.0  80.5 
1 168 60.0  93.5
1 140 58.5  86.5 
1 156 58.3  92.5 
1 156 61.5 108.5 
1 158 65.0 121.0
1 184 66.5 112.0 
1 156 68.5 114.0 
1 144 57.0  84.0 
1 176 61.5  81.0
1 168 66.5 111.5 
1 149 52.5  81.0 
1 142 55.0  70.0 
1 188 71.0 140.0
1 203 66.5 117.0 
1 142 58.8  84.0 
1 189 66.3 112.0 
1 188 65.8 150.5
1 200 71.0 147.0 
1 152 59.5 105.0 
1 174 69.8 119.5 
1 166 62.5  84.0
1 145 56.5  91.0 
1 143 57.5 101.0 
1 163 65.3 117.5 
1 166 67.3 121.0
1 182 67.0 133.0 
1 173 66.0 112.0 
1 155 61.8  91.5 
1 162 60.0 105.0
1 177 63.0 111.0 
1 177 60.5 112.0 
1 175 65.5 114.0 
1 166 62.0  91.0
1 150 59.0  98.0 
1 150 61.8 118.0 
1 188 63.3 115.5 
1 163 66.0 112.0
1 171 61.8 112.0 
1 162 63.0  91.0 
1 141 57.5  85.0 
1 174 63.0 112.0
1 142 56.0  87.5 
1 148 60.5 118.0 
1 140 56.8  83.5 
1 160 64.0 116.0
1 144 60.0  89.0 
1 206 69.5 171.5 
1 159 63.3 112.0 
1 149 56.3  72.0
1 193 72.0 150.0 
1 194 65.3 134.5 
1 152 60.8  97.0 
1 146 55.0  71.5
1 139 55.0  73.5 
1 186 66.5 112.0 
1 161 56.8  75.0 
1 153 64.8 128.0
1 196 64.5  98.0 
1 164 58.0  84.0 
1 159 62.8  99.0 
1 178 63.8 112.0
1 153 57.8  79.5 
1 155 57.3  80.5 
1 178 63.5 102.5 
1 142 55.0  76.0
1 164 66.5 112.0 
1 189 65.0 114.0 
1 164 61.5 140.0 
1 167 62.0 107.5
1 151 59.3  87.0

