0.0 0.0
0.25 0.0
0.5 0.0
0.75 101.90217391304348
1.0 194.4924117673236
1.25 278.43770818905017
1.5 354.3609157838129
1.75 422.84357491190605
2.0 484.42856455504966
2.25 539.6225855154358
2.5 588.8984864837579
2.75 632.6974428526838
3.0 671.4309975333443
3.25 705.4829724522443
3.5 735.211258862147
3.75 760.9494940906632
4.0 783.0086318723555
4.25 801.6784129621689
4.5 817.2287423080313
4.75 829.9109786667923
5.0 839.9591421786315
5.25 847.5910450691391
5.5 853.0093503239885
5.75 856.4025628771535
6.0 857.9459575686711
6.25 857.8024478608614
6.5 856.1233990515295
6.75 853.0493894879872
7.0 848.7109230657283
7.25 843.2290960893778
7.5 836.716221380232
7.75 829.2764123335103
8.0 821.0061294586037
8.25 811.9946917764022
8.5 802.3247552985536
8.75 792.0727606736396
9.0 781.3093519541405
9.25 770.0997683151699
9.5 758.5042104407742
9.75 746.5781831856247
10.0 734.3728160187269
10.25 721.9351626609276
10.5 709.3084812390862
10.75 696.5324961964549
11.0 683.6436431207086
11.25 670.6752975778599
11.5 657.6579889716891
11.75 644.619600384014
12.0 631.5855552908525
12.25 618.5789919930501
12.5 605.6209265470011
12.75 592.7304049314799
13.0 579.9246451400949
13.25 567.2191698453037
13.5 554.6279302390828
13.75 542.1634216170714
14.0 529.8367912371377
14.25 517.6579389497048
14.5 505.6356110656657
14.75 493.777487898202
15.0 482.09026538715085
15.25 470.5797311886476
15.5 459.25083558847376
15.75 448.10775757477904
16.0 437.15396638451654
16.25 426.3922788179412
16.5 415.824912596796
16.75 405.45353602426127
17.0 395.2793141883001
17.25 385.30295193462945
17.5 375.524733821112
17.75 365.94456125183956
18.0 356.5619869765114
18.25 347.3762471288403
18.5 338.3862909665985
18.75 329.59080846549836
19.0 320.988255909345
19.25 312.5768796097542
19.5 304.35473788016554
19.75 296.3197213808603
20.0 288.469571944179
20.25 280.8018999820942
20.5 273.3142005717053
20.75 266.0038683080454
21.0 258.86821100780935
21.25 251.90446234219704
21.5 245.10979347199407
21.75 238.48132375326355
22.0 232.01613057757532
22.25 225.711258406535
22.5 219.56372705647658
22.75 213.57053928553125
23.0 207.7286877318677
23.25 202.03516124869955
23.5 196.48695067865978
23.75 191.08105410733842
24.0 185.8144816331549
24.25 180.68425968828024
24.5 175.68743494302421
24.75 272.7232517369952
25.0 360.574697441302
25.25 439.9058937698618
25.5 511.33685268215186
25.75 575.4463083958242
26.0 632.7743702280283
26.25 683.8250075263355
26.5 729.0683772445404
26.75 768.943004057153
27.0 803.8578222863232
27.25 834.1940883336741
27.5 860.3071717646286
27.75 882.5282326820274
28.0 901.1657925470174
28.25 916.5072051563441
28.5 928.8200340644199
28.75 938.3533423441405
29.0 945.3389002106827
29.25 949.9923156859508
29.5 952.5140931564595
29.75 953.0906243728994
30.0 951.8951161541713
30.25 949.088458791083
30.5 944.8200388940662
30.75 939.2285001941545
31.0 932.4424555860637
31.25 924.581153495627
31.5 915.7551014601873
31.75 906.0666496290385
32.0 895.6105367208559
32.25 884.4744008155832
32.5 872.7392572087475
32.75 860.479945416063
33.0 847.7655472848406
33.25 834.659778045625
33.5 821.2213520220878
33.75 807.5043246090605
34.0 793.5584120272182
34.25 779.4292902679136
34.5 765.1588745526117
34.75 750.7855805479032
35.0 736.3445684988511
35.25 721.8679713700986
35.5 707.3851080154525
35.75 692.9226823322416
36.0 678.5049692963954
36.25 664.1539887176076
36.5 649.8896675009304
36.75 635.7299911514565
37.0 621.6911452121716
37.25 607.7876472814202
37.5 594.0324702155257
37.75 580.4371570837731
38.0 567.0119284070431
38.25 553.7657821777275
38.5 540.7065871270017
38.75 527.8411696759819
39.0 515.1753949795808
39.25 502.7142424459296
39.5 490.4618760899016
39.75 478.42171005648777
40.0 466.596469628414
40.25 454.9882480123821
40.5 443.59855917956395
40.75 432.42838701841436
41.0 421.47823104140474
41.25 410.7481488718608
41.5 400.2377957226378
41.75 389.94646106483094
42.0 379.8731026720365
42.25 370.0163782138005
42.5 360.37467456075854
42.75 350.94613495354866
43.0 341.7286841778091
43.25 332.72005187842564
43.5 323.91779413762345
43.75 315.31931343347117
44.0 306.9218770878471
44.25 298.72263430587645
44.5 290.7186319022508
44.75 282.90682880366876
45.0 275.28410941084877
45.25 267.8472958981501
45.5 260.5931595237653
45.75 253.51843101869733
46.0 246.6198101182876
46.25 239.8939742958965
46.5 233.33758675443997
46.75 226.94730372783428
47.0 220.71978114098638
47.25 214.65168067376575
47.5 208.73967527140178
47.75 202.98045414094645
48.0 197.37072727082003
