  0.763677  0.641197
  1.54672  4.33547
  1.10038  1.94451
  2.67662  3.70182
  1.49484  1.38554
  2.14634  2.96811
  2.74738  3.51672
  1.12328  3.85662
  0.659134  0.00905192
  1.15003  1.22145
  1.84465  1.31899
  1.90358  1.78252
  0.71941  -0.301531
  0.0127917  -0.172717
  2.02634  3.11102
  -0.0471049  2.6895
  3.80647  6.51107
  3.32627  4.2334
  2.21539  4.92358
  1.32936  3.4729
  -0.0627561  0.786049
  -0.251826  1.74035
  1.05176  4.30024
  2.41531  4.52497
  -0.0850059  2.38297
  1.33184  3.87653
  -0.0657598  2.52146
  0.986204  4.60066
  1.52493  1.38201
  2.01849  3.86215
  -1.01492  -1.26239
  1.71709  2.91199
  1.12915  1.67267
  1.05523  3.28063
  -0.347181  0.20204
  1.02455  2.27873
  -0.72093  0.287026
  0.73516  3.17231
  3.28254  5.15373
  0.677517  2.78667
  0.209154  0.647001
  1.24544  1.48949
  1.16918  4.20522
  2.65993  5.42355
  2.76613  5.32348
  1.13715  2.87327
  1.79  0.847577
  -0.131374  -0.0769331
  1.11653  3.07995
  -0.361099  1.50565
  2.63516  5.13118
  0.880798  0.717458
  1.03063  1.25271
  -0.125226  -1.41241
  -0.118547  2.23642
  -0.519454  1.54618
  0.149548  1.98299
  1.79376  1.88136
  0.678636  4.34276
  0.755476  2.14854
  -0.0217209  1.59459
  0.983313  2.81793
  1.21562  2.24149
  1.79558  0.868506
  -0.385465  -0.101246
  0.528477  3.0935
  1.00352  1.95066
  0.550303  2.86728
  1.59115  1.54369
  3.21919  3.99738
  1.69278  2.30866
  2.30915  4.37995
  1.5186  3.40583
  -0.535169  1.0109
  0.0153616  1.95757
  -0.0488513  -0.67959
  2.83057  3.73987
  1.2623  -0.0214275
  1.32921  -1.40456
  -0.548021  -0.705581
  0.72717  1.52809
  0.521627  1.88772
  1.43208  1.89393
  -0.437268  0.270687
  1.69817  2.36242
  0.431684  3.22591
  0.786732  0.763386
  1.69223  1.8501
  1.04715  2.67752
  0.723172  -0.155536
  1.93837  2.08148
  0.270498  0.959474
  1.10736  1.14542
  1.94443  4.57155
  1.58164  0.966732
  0.35018  1.85386
  1.45937  3.19791
  0.626283  1.20771
  1.84241  5.09319
  1.32374  3.15027
  -0.0199665  1.30379
  -0.342886  2.00225
  1.69256  4.03523
  2.31574  4.58979
  2.21854  5.76826
  0.935087  2.70544
  -0.270925  -0.917458
  0.989001  3.29269
  1.34115  4.14937
  1.41019  2.67549
  2.45514  2.54356
  1.22286  1.61106
  1.02096  4.58438
  1.33158  4.03167
  1.24033  3.09175
  1.23148  0.023507
  0.690124  0.798304
  1.29712  0.167966
  1.02779  3.47558
  0.9585  1.11706
  0.00261182  0.979341
  2.60566  0.615221
  1.03856  3.27313
  2.79425  3.8883
  1.07188  2.57002
  1.68403  2.25635
  1.63462  3.43596
  0.394706  3.25777
  1.35518  1.32677
  0.659602  3.94602
  0.231677  -0.135879
  -0.290475  -0.908939
  1.60946  4.92667
  1.01046  3.45347
  0.85804  2.50939
  1.38481  3.4394
  0.265465  3.77905
  2.4887  4.5749
  -0.843057  -0.390098
  0.426411  0.872755
  0.698071  1.19462
  1.20441  2.37671
  0.714764  3.17545
  2.13446  5.42966
  1.1481  4.35208
  0.624244  3.40786
  -0.259304  -0.343368
  0.65979  1.37367
  0.394453  3.20899
  1.73868  2.48842
  1.95526  0.575342
  1.17676  3.3993
  1.3461  3.84259
  0.390608  1.65978
  -0.00908984  0.14398
  2.03908  3.89631
  0.592573  1.45594
  1.00024  1.55633
  -0.420038  1.63201
  1.39212  0.839375
  0.0260277  -1.733
  0.211944  1.80105
  1.33484  1.40109
  0.117905  1.87057
  1.10734  3.53164
  0.257409  3.3972
  1.1575  2.3549
  1.10452  3.58338
  1.13122  4.99828
  0.138037  0.636139
  0.755998  2.43158
  1.19785  1.11095
  0.697724  1.79571
  -0.448433  1.31339
  -1.03057  -2.01531
  1.52158  3.79283
  0.803988  1.86231
  0.596405  1.06127
  0.375482  2.64678
  0.414188  2.70783
  1.49409  2.2454
  1.45461  4.2408
  1.88804  2.18564
  1.40291  2.94754
  -0.055506  -1.58335
  -0.0936983  1.42752
  0.223028  0.802483
  1.43592  1.49219
  0.0731113  1.24066
  1.07757  -0.0250299
  1.50602  3.26467
  0.0726669  0.981411
  1.67729  4.46189
  -0.120268  0.599627
  -0.464889  -0.792737
  1.21581  -0.0527525
  1.46044  2.24629
  0.863259  -0.690874
  0.966924  1.12765
  -0.625886  1.84783
  0.45379  1.75872
  2.53182  5.92169
  0.483393  1.18987
  0.621212  3.14751
  2.15569  3.53652
  1.18114  2.44898
  1.94779  1.65641
  0.529801  0.877833
  1.26951  2.20755
  1.60193  1.52994
  1.63955  1.65042
  2.6019  3.66031
  -0.884665  -0.39231
  3.27037  3.63776
  1.12177  2.78417
  0.321086  -0.529371
  0.925538  2.09494
  1.73702  1.21923
  0.932341  2.98985
  0.0878023  1.61203
  -1.22504  -0.396962
  1.69037  2.15709
  1.54376  1.9312
  1.09188  -0.236587
  -0.0348144  3.62981
  1.33136  4.29612
  0.635053  0.5582
  -0.944285  -1.96208
  1.18956  3.39801
  1.41113  0.755573
  1.39105  0.921083
  0.60947  0.538152
  2.31503  3.92134
  -0.405126  -0.690492
  0.133469  -1.45949
  -0.29268  -0.582638
  2.44387  2.39246
  1.28577  3.51919
  1.09322  2.74857
  0.657633  0.121563
  2.42462  1.79329
  -1.4767  0.324899
  2.57625  5.61476
  1.97994  2.93407
  3.00148  5.74817
  -0.491076  -1.63239
  0.0537808  1.05654
  -1.46415  -0.492845
  -0.761105  -2.5921
  0.860437  2.54669
  0.271039  1.05187
  0.339104  0.911216
  1.34293  0.554644
  2.69969  2.09887
  0.539813  1.03098
  1.64095  1.37663
  -0.705343  1.7579
  2.5178  3.2583
  0.596942  1.91359
  -0.116084  -1.35959
  1.44659  5.26462
  1.21426  3.05878
  1.97655  4.70083
  3.28303  3.86282
  1.36105  1.19717
  0.565422  0.724172
  0.635745  1.84623
  1.17022  4.22511
  1.96694  3.27443
  2.73575  5.70572
  0.478361  2.13335
  1.20591  0.480631
  1.42308  1.84888
  2.88542  6.15458
  -0.114248  -1.76125
  1.2296  1.13656
  0.221413  0.509126
  2.79531  3.28483
  2.11722  5.2099
  0.920992  4.89237
  -0.223447  3.51324
  0.965617  2.1102
  1.65885  1.18037
  -0.991837  1.13914
  0.873519  1.56327
  1.9145  2.53606
  -0.441818  1.75102
  2.40558  3.91574
  2.24791  2.26814
  2.23781  5.34789
  0.822506  1.48619
  1.17815  -0.116767
  1.11462  3.22186
  2.34616  3.03509
  1.47923  2.00766
  0.805404  3.25384
  1.59674  0.349162
  0.941782  -0.92339
  0.382211  1.51506
  0.525258  1.74895
  1.3603  2.3505
  1.02366  -0.615267
  0.509381  -0.204786
  0.270191  1.58936
  0.092953  -2.97323
  2.56182  1.28666
  2.0343  3.11426
  1.86318  1.0855
  1.03282  2.32164
  2.38529  1.96664
  -0.4692  0.815591
  2.17748  3.44528
  2.61732  3.68323
  0.541612  3.87261
  0.637013  2.09827
  1.53883  1.88475
  1.53055  2.96272
  0.299918  -0.383202
  1.06577  -0.864559
  2.80655  6.73344
  -0.0887312  0.468848
  -0.397848  -0.689862
  1.92912  3.54436
  0.0754579  0.975711
  2.30976  4.61892
  1.10503  1.06804
  -0.0792534  -0.0411879
  0.577851  0.66615
  1.73506  4.54173
  2.24505  5.05252
  1.15103  1.83056
  -1.47299  -0.0314905
  -1.04365  -0.19053
  1.4871  1.01568
  2.8154  5.90087
  1.60961  3.22567
  1.43984  4.20145
  1.18783  0.991151
  1.47644  5.44254
  0.619369  1.66914
  2.76206  4.10421
  3.22425  3.67257
  0.322066  1.89749
  0.145325  0.423813
  0.943693  4.91707
  0.102619  0.733126
  -0.131246  3.49233
  0.630311  1.92461
  0.52907  0.744663
  0.206801  1.26904
  -1.32509  1.97825
  1.17237  0.248679
  0.265179  0.965721
  -0.673626  -0.549472
  2.66493  5.4608
  0.662143  1.59515
  0.309603  3.96949
  1.68267  0.683644
  -0.650073  -0.558886
  0.740791  2.55219
  1.47077  2.30069
  2.26846  5.84717
  2.45147  2.7107
  -0.000264596  2.91669
  0.643224  2.93052
  0.745759  -0.864824
  0.692704  0.459953
  1.45524  6.62438
  1.25807  2.27709
  1.61251  3.40837
  2.34265  5.32622
  1.5764  3.6873
  1.4358  3.35923
  1.27968  4.98191
  1.34809  2.14734
  1.16151  3.80615
  0.453277  2.40926
  -0.480539  0.061432
  0.937053  2.42097
  1.12565  -0.388221
  0.453195  0.0985764
  0.0531442  -0.689433
  1.12836  1.78109
  1.54821  1.56369
  0.86095  1.41691
  0.75324  1.18882
  2.50411  5.29505
  1.06728  -1.5813
  -0.823253  0.493113
  1.14189  1.73707
  0.60664  2.30899
  0.182347  0.208453
  1.33633  -1.12161
  -0.163735  -0.0440941
  1.21695  5.26715
  -0.592156  -1.94965
  1.12388  4.42058
  1.83899  0.4153
  0.959891  2.62149
  0.789992  2.99299
  1.66262  0.727516
  0.638521  1.97609
  2.0756  2.35922
  0.824682  1.21751
  -0.146189  2.9841
  0.319814  2.34547
  -0.953445  -2.77866
  0.77281  0.879531
  0.320951  0.723067
  1.98762  2.80906
  2.09928  1.09697
  0.361353  3.28261
  1.89901  3.74183
  1.10639  1.33752
  -0.00457906  0.420001
  0.685377  3.36259
  0.123556  1.89988
  2.93165  4.54859
  -0.231974  0.197321
  0.793984  3.71049
  2.04938  4.51572
  0.811628  1.55796
  1.15314  2.4014
  0.350662  1.76621
  1.1179  0.288783
  0.0390889  1.52111
  1.16279  1.64724
  -1.19376  -1.12093
  1.67996  2.70598
  0.403321  1.70706
  1.97053  2.61975
  2.83214  3.88332
  -0.0331062  2.44541
  0.588573  -0.449971
  1.3496  1.40706
  2.42182  4.13421
  1.07453  2.16
  1.96547  2.9975
  0.986594  4.83955
  -0.106299  -1.29388
  1.40754  -0.969839
  1.05426  -1.25855
  2.20114  5.06743
  0.00907156  0.0133887
  -0.254748  0.285799
  1.78761  4.0882
  1.40426  3.70166
  -0.302799  -0.0731884
  0.0958919  0.0600524
  1.23465  1.30286
  -0.0915876  0.389356
  -0.780427  -0.82258
  2.61448  5.06323
  1.23592  1.01767
  -0.0346365  0.351118
  -0.708574  -0.723681
  0.847248  0.955377
  -0.276716  -1.27314
  0.966765  1.9767
  2.88706  2.33586
  2.16389  5.59492
  1.94687  4.02086
  -0.903673  2.0874
  0.287759  -1.37941
  0.544677  0.690399
  2.28103  4.32632
  0.884952  3.76283
  0.659945  3.04595
  1.25535  3.01532
  0.918593  0.469801
  0.844438  1.21308
  1.85298  4.63365
  -0.51861  1.3256
  -0.844614  1.09626
  2.04793  3.89308
  0.346175  2.98306
  0.916499  3.66522
  2.19196  1.65095
  -0.530024  -0.450908
  0.553912  0.362949
  0.262704  2.12581
  0.491266  0.175608
  2.87617  2.12668
  -0.482063  2.56746
  0.264468  2.25958
  1.48486  3.4075
  0.566716  1.4338
  2.04709  3.0857
  1.37834  1.12144
  0.686702  0.689686
  1.78897  3.13123
  1.88548  3.20851
  1.22415  2.70644
  0.656282  2.94294
  1.68032  1.74083
  2.29945  2.07076
  1.40831  0.776204
  0.984494  1.76422
  2.33881  3.2138
  0.804417  0.00785415
  1.72491  5.306
  2.09836  3.4737
  -1.0764  -0.360609
  -0.632856  -0.0169413
  2.53451  3.48547
  0.746238  3.48748
  0.254703  -0.294642
  1.98282  4.78023
  1.30914  0.108725
  1.24678  1.88509
  0.463793  0.542943
  -0.10253  2.16933
  -0.76703  -2.65382
  2.52721  3.22259
  1.48562  2.04138
  1.49225  2.42414
  1.75905  0.904305
  1.76006  3.3429
  0.486515  3.14475
  1.78143  4.51033
  1.64819  2.78795
  0.840038  2.94369
  0.69325  1.46492
  0.40345  0.315664
  0.387389  0.526288
  0.634759  -1.37014
  0.0235825  1.68247
  1.4581  3.42943
  0.313124  -1.22529
  1.63436  1.53735
  0.0932905  3.77599
  2.20004  2.19814
  0.255195  -0.110802
  0.195998  1.77825
  0.779863  0.223169
  0.6739  4.58964
  0.247377  0.612392
  2.20844  4.33145
  2.89341  2.6166
  0.548594  2.99301
  -0.45661  -0.0485852
  1.24532  -0.128169
  1.72572  2.06072
  1.79129  2.55743
  -0.496746  -0.213454
  1.25995  4.51957
  0.724788  2.68927
  2.43955  3.73197
  2.57563  3.57925
  1.28096  3.89691
  1.92128  4.33966
  -0.0576785  3.01572
  2.20204  3.50044
  0.862927  2.21878
  -0.0864886  0.814847
  1.77249  1.4316
  1.53635  3.11942
  1.64029  1.94697
  0.363259  1.60658
  1.91065  2.1669
  1.69181  4.12681
  0.534609  1.45019
  0.57854  1.00631
  1.88936  1.89692
  1.60193  -0.29176
  -0.0649058  1.46495
  1.40481  4.06342
  2.17612  4.76478
  0.364016  0.795035
  2.10386  0.817147
  0.518895  3.78764
  0.741053  2.81569
  1.65007  3.73166
  0.840117  1.33784
  1.00645  1.57587
  2.17513  1.20737
  1.53585  3.65887
  -0.296127  0.958171
  0.723026  1.77832
  0.417202  2.49805
  1.84477  4.25969
  2.50323  4.26936
  1.56084  0.24095
  2.01062  5.71064
  -0.580081  1.1952
  1.57366  1.24205
  -0.725469  0.569298
  0.777162  2.08477
  0.434732  -2.31988
  1.11773  1.83808
  0.805282  0.367722
  0.807171  1.39026
  1.4945  2.51167
  0.342632  1.10999
  1.17481  0.74072
  1.41882  2.10043
  1.14738  3.00033
  -0.0844613  1.59151
  1.13532  2.92619
  1.65979  1.29926
  2.37217  3.88232
  1.11583  3.53509
  1.58197  2.78916
  1.04558  1.06412
  0.779842  1.20677
  1.28718  2.65084
  1.94944  2.8449
  -0.873901  1.08556
  1.39089  4.42798
  1.88746  2.32089
  1.22524  4.31355
  2.46559  5.20441
  -0.173835  0.381896
  0.779654  2.38866
  2.11598  3.73562
  1.41061  1.45337
  0.972502  3.70205
  0.513866  2.85626
  1.3868  1.59146
  1.52517  2.09046
  0.572815  2.88037
  -1.14675  -3.41498
  0.390595  1.90509
  0.346925  2.65949
  0.286003  3.34149
  1.29833  3.16112
  -1.06286  0.489881
  0.506384  5.23689
  -0.416731  0.817174
  -0.264373  0.535389
  0.486342  3.38251
  1.47719  3.30219
  0.875512  0.877906
  2.33502  5.15108
  2.20699  3.32267
  2.19929  3.85784
  0.399137  3.22588
  1.10754  3.77008
  0.817445  2.12833
  1.7726  0.630587
  0.127493  1.42436
  1.2348  -0.0977332
  0.18861  0.674129
  0.0687504  0.814282
  1.88985  2.58208
  1.29994  3.44234
  2.16774  2.87233
  0.552784  1.16528
  1.68467  2.47911
  1.60156  4.03876
  1.4774  4.38624
  1.25759  2.46898
  -1.1006  1.43079
  1.95847  2.75619
  1.50534  3.83274
  0.350466  0.774022
  2.28041  3.05557
  2.16696  3.04216
  1.10106  -0.120569
  0.754025  -0.437543
  -0.445856  1.47953
  0.246925  1.20624
  -0.192345  1.45671
  0.329884  1.73427
  0.497753  2.15933
  0.772309  1.40693
  1.1394  2.48921
  0.89921  0.111488
  -0.0328136  -0.0838919
  -0.378525  1.88203
  0.875583  4.36898
  1.64943  3.2389
  0.799027  2.92745
  0.157251  -0.309219
  2.31082  3.52865
  2.44973  3.91611
  -0.742118  -0.479403
  2.04063  3.55796
  0.74192  -0.372837
  0.0141471  -1.3983
  1.49235  3.36859
  2.04139  2.91829
  1.14612  2.84295
  1.84238  3.41832
  0.425332  2.70752
  0.588927  0.361826
  0.71514  2.18482
  1.46384  1.68942
  0.211162  3.93537
  1.4866  2.35379
  0.712908  2.371
  1.4365  0.415005
  0.938326  0.945625
  2.82094  2.0513
  0.10314  0.483508
  1.03151  0.643409
  -0.0775678  1.33962
  0.46772  1.57878
  2.25008  2.61282
  2.53682  3.30099
  2.53276  3.40372
  1.50813  0.655127
  3.20424  3.67047
  -0.356595  -0.612885
  0.864675  2.89593
  0.952027  0.817722
  0.402428  1.55218
  1.89135  3.28599
  2.09699  2.6364
  1.11131  0.855406
  1.07548  1.32428
  1.09049  2.48846
  0.910396  1.66331
  1.31247  1.25118
  1.41276  1.68709
  1.01311  0.714504
  0.454963  1.81594
  0.11369  1.14289
  1.36322  3.72478
  1.22639  2.23171
  -0.211741  1.35317
  0.664738  1.65782
  1.32018  3.44796
  -0.610246  4.14668
  -0.489552  0.48083
  1.89126  1.54799
  2.79558  2.93162
  2.51831  3.48659
  0.974859  -0.699048
  1.27061  3.51944
  0.657632  -0.00379905
  0.838568  1.50398
  0.55452  1.7256
  0.570511  2.19274
  0.493795  5.39884
  -0.454496  1.61401
  1.81033  3.44951
  1.64367  0.97616
  -0.339185  0.883102
  0.559992  2.18764
  1.91262  2.07925
  0.580892  0.549025
  0.719942  2.69301
  0.77334  2.20982
  -0.032972  -0.235316
  0.662695  1.73407
  2.18747  1.70715
  2.74602  3.03826
  1.82344  5.74909
  1.23459  3.67653
  1.08523  4.37829
  1.28003  3.78751
  2.23553  2.85887
  -0.10734  3.5846
  1.80177  2.32249
  1.55485  2.94724
  -1.13362  0.789682
  -0.600739  2.71414
  -0.776648  1.96399
  -0.434965  -0.22404
  2.66678  4.46782
  -0.130385  2.16012
  1.4774  2.44751
  1.46016  3.12961
  0.804156  -0.123928
  -0.738589  1.90906
  0.516045  3.01999
  1.06594  2.21845
  0.354824  1.43545
  -0.251408  0.877502
  0.460211  1.93164
  2.2072  2.90392
  0.341003  1.39544
  1.43661  1.87454
  1.73425  3.48445
  0.830335  3.15051
  0.730742  2.99836
  1.38676  0.927722
  1.0587  2.99118
  0.995934  3.20335
  0.739563  3.23326
  1.97733  3.64267
  -0.0806527  1.09508
  0.86459  3.67204
  1.66443  3.0485
  0.536179  1.88661
  1.41607  2.6777
  -0.000482059  1.85631
  1.20272  3.39575
  0.407908  0.713119
  1.53566  2.15044
  2.09131  5.09605
  0.43096  0.589618
  1.95315  3.59882
  0.524415  -0.057149
  1.42241  0.255134
  -0.299741  0.313451
  -0.00876019  4.22892
  0.553003  1.74622
  1.00192  2.42077
  2.09516  3.09921
  2.35763  3.56886
  1.01717  1.77249
  2.38023  3.17872
  0.8033  0.694308
  1.7764  5.08028
  1.26104  2.31499
  0.870405  2.27376
  0.177374  0.372945
  0.79093  1.207
  0.047272  -0.502318
  1.91202  3.72012
  -0.533521  -1.08095
  0.967944  -0.567915
  -0.833169  -0.0664779
  1.41068  2.87622
  2.07569  2.72752
  0.491252  2.338
  -1.02288  -2.813
  0.478571  0.415627
  0.534447  2.64881
  2.43991  2.32942
  0.880302  3.75896
  2.02275  2.24849
  0.639433  2.43206
  -0.450964  -0.436061
  2.72797  5.68761
  1.78381  2.68107
  0.0756009  2.03479
  2.70093  4.02544
  -0.614477  2.14675
  0.780888  1.14801
  1.25693  1.79251
  0.145478  1.80392
  0.272187  1.66869
  1.53606  5.85258
  2.09619  3.181
  0.919311  2.30483
  1.22521  3.36326
  0.347661  0.916047
  1.21138  0.50634
  0.806736  1.98159
  -0.312322  0.457519
  1.12285  1.40371
  1.95575  3.49839
  1.26567  4.46211
  1.30489  1.1979
  -0.776868  -1.62719
  0.488501  2.61705
  1.47323  0.775368
  2.51786  4.06844
  0.783915  4.87565
  0.425164  3.07163
  1.84052  4.12795
  1.01466  4.20272
  0.730369  1.09194
  0.416787  0.768182
  3.66369  2.68329
  0.876816  2.39463
  0.830227  -0.387285
  0.199798  0.856861
  0.0778074  2.56869
  2.12106  3.96632
  0.290925  0.688334
  0.00601344  1.60781
  1.7529  -0.98296
  0.918718  -0.0200944
  -1.29645  0.041648
  -0.208525  2.01904
  0.874318  0.76634
  1.60335  5.08497
  0.645766  2.86699
  1.11373  1.48727
  0.446393  1.7037
  -0.544868  0.11592
  0.47382  0.0468844
  2.13729  5.15943
  -1.56539  0.0329246
  2.00182  2.75677
  -0.196439  0.987613
  0.842619  4.26061
  -0.514578  0.741854
  2.46253  4.58771
  0.365136  2.51888
  1.53147  3.92703
  1.65876  1.90109
  -1.11313  -0.619249
  -0.0903915  1.93518
  -0.224098  0.924025
  -0.55156  0.00523953
  0.852901  -0.989951
  2.36254  4.09399
  0.935589  -0.0874572
  1.45162  2.27998
  1.77819  4.77679
  1.49068  1.43465
  0.576828  2.5637
  0.805134  1.76122
  0.922862  1.74824
  2.09194  3.64976
  1.24292  1.02926
  -0.354912  0.436241
  -1.84065  -0.447909
  2.94012  3.39248
  2.67089  5.68021
  1.06819  2.57192
  2.49499  3.86927
  0.994408  1.47155
  1.87136  4.24209
  0.508542  0.456971
  0.709548  0.324188
  3.18051  4.11804
  0.0580008  -0.110548
  0.856518  2.78267
  1.08109  4.01091
  2.12833  3.12867
  1.35284  1.13742
  0.58926  0.430932
  2.33842  4.55254
  0.270145  2.20392
  -0.316462  1.35628
  -0.920173  0.672288
  1.71146  4.92573
  1.51224  3.78342
  1.11201  0.673241
  1.94888  3.90036
  1.58159  0.856104
  0.174388  2.00234
  -1.03788  1.89449
  0.942339  1.40931
  1.53019  3.55661
  0.215495  2.64109
  2.03063  0.439318
  2.46542  1.34339
  1.43243  3.47699
  1.11217  3.12309
  0.476914  0.98871
  -0.030148  0.775821
  1.90732  2.50082
  0.430293  0.674357
  3.65179  3.10608
  1.79126  1.68981
  1.3017  2.75236
  0.0284395  1.66755
  0.367915  2.38449
  1.02509  1.85503
  1.45085  2.53415
  1.78828  0.220324
  1.69228  1.244
  -0.337181  0.556197
  0.844354  3.84333
  2.35386  1.35856
  -0.445689  3.66693
  0.705617  1.06985
  1.28741  2.05767
  0.803243  -0.488887
  0.18556  -0.979991
  0.744803  1.01395
  -0.323359  0.432966
  0.30338  1.92807
  1.71134  2.10212
  1.32553  3.87475
  0.670214  0.973989
  1.23273  0.56202
  -0.232796  0.269174
  0.605232  1.41805
  0.668442  3.63924
  2.60295  3.33132
  0.641109  1.71239
  0.871823  0.26158
  1.12509  3.04886
  0.758949  -0.0978343
  1.25646  2.2604
  1.03458  0.478922
  1.23319  5.1815
  2.56942  3.54312
  1.3401  2.28689
  1.68241  3.22287
  -0.664981  2.16014
  1.40508  0.196782
  1.778  6.0598
  -1.04675  0.0660522
  2.10709  0.141174
  0.558419  0.184852
  -0.123123  0.939669
  1.79259  2.43937
  1.93982  -0.46956
  1.51243  2.24969
  0.85315  0.652784
  1.01837  5.81006
  0.432096  -0.133721
  2.71174  4.1394
  1.67476  0.124036
  -0.468904  -0.809424
  1.73839  1.04679
  1.58985  2.53182
  1.298  4.64462
  2.56396  2.91979
  -0.43973  -0.499237
  0.374915  3.20638
