Wed Oct  8 08:44:12 2025

numgrid_test():
  python version: 3.10.12
  numpy version:  1.26.4
  Test numgrid()

  numgrid region "A" with n =  13
[[ 0  0  0  0  0  0  0  0  0  0  0  0  0]
 [ 0  0  0  1  2  3  4  5  6  7  0  0  0]
 [ 0  0  8  9 10 11 12 13 14 15 16  0  0]
 [ 0 17 18 19 20  0  0  0 21 22 23 24  0]
 [ 0 25 26 27  0  0  0  0  0 28 29 30  0]
 [ 0 31 32  0  0  0  0  0  0  0 33 34  0]
 [ 0 35 36  0  0  0  0  0  0  0 37 38  0]
 [ 0 39 40  0  0  0  0  0  0  0 41 42  0]
 [ 0 43 44 45  0  0  0  0  0 46 47 48  0]
 [ 0 49 50 51 52  0  0  0 53 54 55 56  0]
 [ 0  0 57 58 59 60 61 62 63 64 65  0  0]
 [ 0  0  0 66 67 68 69 70 71 72  0  0  0]
 [ 0  0  0  0  0  0  0  0  0  0  0  0  0]]

  numgrid region "B" with n =  13
[[ 0  0  0  0  0  0  0  0  0  0  0  0  0]
 [ 0  1  2  3  4  5  6  7  8  0  0  9  0]
 [ 0 10 11 12 13 14 15 16  0  0  0 17  0]
 [ 0 18 19 20 21 22 23 24  0  0 25 26  0]
 [ 0 27 28 29 30 31 32  0  0  0 33 34  0]
 [ 0 35 36 37 38 39 40  0  0  0 41 42  0]
 [ 0 43 44 45 46 47 48 49 50 51 52 53  0]
 [ 0 54 55  0  0  0 56 57 58 59 60 61  0]
 [ 0 62 63  0  0  0 64 65 66 67 68 69  0]
 [ 0 70 71  0  0 72 73 74 75 76 77 78  0]
 [ 0 79  0  0  0 80 81 82 83 84 85 86  0]
 [ 0 87  0  0 88 89 90 91 92 93 94 95  0]
 [ 0  0  0  0  0  0  0  0  0  0  0  0  0]]

  numgrid region "C" with n =  13
[[ 0  0  0  0  0  0  0  0  0  0  0  0  0]
 [ 0  1  2  3  4  5  6  7  8  9 10 11  0]
 [ 0 12 13 14 15 16 17 18 19 20 21 22  0]
 [ 0 23 24 25 26 27 28 29 30 31 32 33  0]
 [ 0 34 35 36 37 38 39 40 41 42 43 44  0]
 [ 0 45 46 47 48 49 50 51 52 53 54 55  0]
 [ 0 56 57 58 59 60 61 62 63 64 65 66  0]
 [ 0  0  0  0 67 68 69 70 71 72 73 74  0]
 [ 0  0  0  0  0 75 76 77 78 79 80 81  0]
 [ 0  0  0  0  0  0 82 83 84 85 86 87  0]
 [ 0  0  0  0  0  0 88 89 90 91 92 93  0]
 [ 0  0  0  0  0  0 94 95 96 97 98 99  0]
 [ 0  0  0  0  0  0  0  0  0  0  0  0  0]]

  numgrid region "D" with n =  13
[[  0   0   0   0   0   0   0   0   0   0   0   0   0]
 [  0   0   0   1   2   3   4   5   6   7   0   0   0]
 [  0   0   8   9  10  11  12  13  14  15  16   0   0]
 [  0  17  18  19  20  21  22  23  24  25  26  27   0]
 [  0  28  29  30  31  32  33  34  35  36  37  38   0]
 [  0  39  40  41  42  43  44  45  46  47  48  49   0]
 [  0  50  51  52  53  54  55  56  57  58  59  60   0]
 [  0  61  62  63  64  65  66  67  68  69  70  71   0]
 [  0  72  73  74  75  76  77  78  79  80  81  82   0]
 [  0  83  84  85  86  87  88  89  90  91  92  93   0]
 [  0   0  94  95  96  97  98  99 100 101 102   0   0]
 [  0   0   0 103 104 105 106 107 108 109   0   0   0]
 [  0   0   0   0   0   0   0   0   0   0   0   0   0]]

  numgrid region "H" with n =  13
[[ 0  0  0  0  0  0  0  0  0  0  0  0  0]
 [ 0  0  0  0  0  0  0  0  0  0  0  0  0]
 [ 0  0  0  1  2  3  4  5  6  7  0  0  0]
 [ 0  0  8  9 10 11 12 13 14 15 16  0  0]
 [ 0 17 18 19 20 21 22 23 24 25 26 27  0]
 [ 0 28 29 30 31 32 33 34 35 36 37 38  0]
 [ 0 39 40 41 42 43  0 44 45 46 47 48  0]
 [ 0  0 49 50 51 52  0 53 54 55 56  0  0]
 [ 0  0  0  0  0  0  0  0  0  0  0  0  0]
 [ 0  0  0  0  0  0  0  0  0  0  0  0  0]
 [ 0  0  0  0  0  0  0  0  0  0  0  0  0]
 [ 0  0  0  0  0  0  0  0  0  0  0  0  0]
 [ 0  0  0  0  0  0  0  0  0  0  0  0  0]]

  numgrid region "L" with n =  13
[[ 0  0  0  0  0  0  0  0  0  0  0  0  0]
 [ 0  1  2  3  4  5  6  7  8  9 10 11  0]
 [ 0 12 13 14 15 16 17 18 19 20 21 22  0]
 [ 0 23 24 25 26 27 28 29 30 31 32 33  0]
 [ 0 34 35 36 37 38 39 40 41 42 43 44  0]
 [ 0 45 46 47 48 49 50 51 52 53 54 55  0]
 [ 0  0  0  0  0  0  0 56 57 58 59 60  0]
 [ 0  0  0  0  0  0  0 61 62 63 64 65  0]
 [ 0  0  0  0  0  0  0 66 67 68 69 70  0]
 [ 0  0  0  0  0  0  0 71 72 73 74 75  0]
 [ 0  0  0  0  0  0  0 76 77 78 79 80  0]
 [ 0  0  0  0  0  0  0 81 82 83 84 85  0]
 [ 0  0  0  0  0  0  0  0  0  0  0  0  0]]

  numgrid region "S" with n =  13
[[  0   0   0   0   0   0   0   0   0   0   0   0   0]
 [  0   1   2   3   4   5   6   7   8   9  10  11   0]
 [  0  12  13  14  15  16  17  18  19  20  21  22   0]
 [  0  23  24  25  26  27  28  29  30  31  32  33   0]
 [  0  34  35  36  37  38  39  40  41  42  43  44   0]
 [  0  45  46  47  48  49  50  51  52  53  54  55   0]
 [  0  56  57  58  59  60  61  62  63  64  65  66   0]
 [  0  67  68  69  70  71  72  73  74  75  76  77   0]
 [  0  78  79  80  81  82  83  84  85  86  87  88   0]
 [  0  89  90  91  92  93  94  95  96  97  98  99   0]
 [  0 100 101 102 103 104 105 106 107 108 109 110   0]
 [  0 111 112 113 114 115 116 117 118 119 120 121   0]
 [  0   0   0   0   0   0   0   0   0   0   0   0   0]]

numgrid_test():
  Normal end of execution.
Wed Oct  8 08:44:12 2025
