 1  568  585  +1
 2  586  565  +1
 3  609  536  +1
 4  616  492  +1
 5  632  465  +1
 6  652  528  +1
 7  655  496  +1
 8  660  471  +1
 9  688  408  +1
10  696  399  +1
11  708  387  +1
12  701  434  +1
13  715  506  +1
14  732  485  +1
15  731  395  +1
16  749  398  +1
17  759  512  +1
18  773  431  +1
19  782  456  +1
20  797  476  +1
21  794  421  +1
22  824  452  +1
23  835  441  +1
24  862  372  +1
25  879  340  +1
26  892  370  +1
27  913  373  +1
28  933  330  +1
29  562  309  -1
30  578  346  -1
31  593  357  -1
32  626  341  -1
33  635  252  -1
34  658  235  -1
35  663  299  -1
36  677  223  -1
37  685  303  -1
38  698  197  -1
39  699  311  -1
40  712  257  -1
41  722  193  -1
42  735  259  -1
43  738  314  -1
44  753  113  -1
45  767  286  -1
46  771  264  -1
47  780  137  -1
48  784  131  -1
49  798  132  -1
50  820  152  -1
51  834  157  -1
52  858  163  -1
53  888   91  -1
54  891  156  -1
55  911   79  -1
56  939   99  -1
