Wed Oct  8 09:07:07 2025

tetrahedron01_monte_carlo_tests():
  Python version: 3.10.12
  Test tetrahedron01_monte_carlo().

tetrahedron01_monte_carlo_test():
  python version: 3.10.12
  numpy version:  1.26.4
  tetrahedron01_sample() can be used to estimate integrals
  over the unit tetrahedron using the Monte Carlo method.
  Compare with exact values returned by 
  tetrahedron_monomial_integral.

  Number of sample points used is 4192

  Ex  Ey  Ez     MC-Estimate      Exact           Error

   0   0   0        0.166667        0.166667           0
   0   0   1       0.0413974       0.0416667     0.00027
   0   0   2       0.0166487       0.0166667     1.8e-05
   0   0   3      0.00843414      0.00833333      0.0001
   0   1   0       0.0427497       0.0416667      0.0011
   0   1   1      0.00836742      0.00833333     3.4e-05
   0   1   2      0.00274532      0.00277778     3.2e-05
   0   1   3      0.00116613      0.00119048     2.4e-05
   0   2   0        0.017389       0.0166667     0.00072
   0   2   1      0.00282669      0.00277778     4.9e-05
   0   2   2     0.000790838     0.000793651     2.8e-06
   0   2   3     0.000292348     0.000297619     5.3e-06
   0   3   0      0.00880353      0.00833333     0.00047
   0   3   1      0.00122581      0.00119048     3.5e-05
   0   3   2     0.000299372     0.000297619     1.8e-06
   0   3   3     9.82409e-05     9.92063e-05     9.7e-07
   1   0   0       0.0417919       0.0416667     0.00013
   1   0   1      0.00827348      0.00833333       6e-05
   1   0   2      0.00277253      0.00277778     5.2e-06
   1   0   3        0.001209      0.00119048     1.9e-05
   1   1   0      0.00858437      0.00833333     0.00025
   1   1   1      0.00140847      0.00138889       2e-05
   1   1   2     0.000397611     0.000396825     7.9e-07
   1   1   3     0.000148363      0.00014881     4.5e-07
   1   2   0      0.00289284      0.00277778     0.00012
   1   2   1     0.000407992     0.000396825     1.1e-05
   1   2   2     0.000100452     9.92063e-05     1.2e-06
   1   2   3     3.31293e-05     3.30688e-05     6.1e-08
   1   3   0      0.00124617      0.00119048     5.6e-05
   1   3   1     0.000154672      0.00014881     5.9e-06
   1   3   2      3.3879e-05     3.30688e-05     8.1e-07
   1   3   3     1.00531e-05     9.92063e-06     1.3e-07
   2   0   0       0.0167783       0.0166667     0.00011
   2   0   1      0.00275318      0.00277778     2.5e-05
   2   0   2     0.000786674     0.000793651       7e-06
   2   0   3     0.000298321     0.000297619       7e-07
   2   1   0      0.00288121      0.00277778      0.0001
   2   1   1     0.000404671     0.000396825     7.8e-06
   2   1   2     9.99951e-05     9.92063e-05     7.9e-07
   2   1   3     3.31315e-05     3.30688e-05     6.3e-08
   2   2   0     0.000831553     0.000793651     3.8e-05
   2   2   1      0.00010251     9.92063e-05     3.3e-06
   2   2   2     2.24667e-05     2.20459e-05     4.2e-07
   2   2   3     6.67711e-06     6.61376e-06     6.3e-08
   2   3   0     0.000312471     0.000297619     1.5e-05
   2   3   1     3.45363e-05     3.30688e-05     1.5e-06
   2   3   2     6.82009e-06     6.61376e-06     2.1e-07
   2   3   3     1.84324e-06     1.80375e-06     3.9e-08
   3   0   0      0.00840631      0.00833333     7.3e-05
   3   0   1      0.00117779      0.00119048     1.3e-05
   3   0   2      0.00029386     0.000297619     3.8e-06
   3   0   3     9.86913e-05     9.92063e-05     5.2e-07
   3   1   0      0.00124102      0.00119048     5.1e-05
   3   1   1     0.000152399      0.00014881     3.6e-06
   3   1   2     3.35019e-05     3.30688e-05     4.3e-07
   3   1   3     9.98602e-06     9.92063e-06     6.5e-08
   3   2   0      0.00031393     0.000297619     1.6e-05
   3   2   1     3.43042e-05     3.30688e-05     1.2e-06
   3   2   2     6.76939e-06     6.61376e-06     1.6e-07
   3   2   3     1.83073e-06     1.80375e-06     2.7e-08
   3   3   0     0.000104985     9.92063e-05     5.8e-06
   3   3   1     1.04162e-05     9.92063e-06       5e-07
   3   3   2     1.86822e-06     1.80375e-06     6.4e-08
   3   3   3     4.63054e-07     4.50938e-07     1.2e-08

tetrahedron01_sample_test()
  Python version: 3.10.12
  tetrahedron01_sample() samples the unit tetrahedron.

  Sample points in the unit tetrahedron.

  Row: 
      0       
      1       
      2       

  Col
      0 :
    0.454506  
    0.129944  
    0.306481  

      1 :
    0.226288  
    0.440204  
   0.0280372  

      2 :
   0.0962722  
   0.0974204  
    0.676268  

      3 :
    0.208016  
     0.10047  
    0.652512  

      4 :
    0.619968  
   0.0609451  
    0.194712  

      5 :
   0.0733428  
    0.201516  
   0.0759697  

      6 :
   0.0600074  
    0.259945  
    0.261467  

      7 :
    0.718403  
   0.0196698  
   0.0102665  

      8 :
   0.0759137  
   0.0283272  
  0.00498713  

      9 :
     0.18733  
    0.543246  
   0.0551563  


tetrahedron01_volume_test()
  Python version: 3.10.12
  tetrahedron01_volume() returns the volume of the unit tetrahedron.

  tetrahedron01_volume() = 0.166667

tetrahedron01_monte_carlo_tests():
  Normal end of execution.
Wed Oct  8 09:07:08 2025
