Wed Oct  8 07:26:12 2025

asa243_test():
  python version: 3.10.12
  numpy version:  1.26.4
  Test asa243().

asa243_test01():
  tnc() computes the noncentral Student T 
  Cumulative Density Function.
  Compare with tabulated values.

        X         LAMBDA        DF      CDF             CDF           DIFF
                                        Tabulated       PRNCST

      3.0000      0.0000         1    8.975836e-01    8.975836e-01  0.0000e+00
      3.0000      0.0000         2    9.522670e-01    9.522670e-01  3.3355e-11
      3.0000      0.0000         3    9.711656e-01    9.711656e-01  1.1102e-16
      3.0000      0.5000         1    8.231219e-01    8.231219e-01  9.2457e-10
      3.0000      0.5000         2    9.049022e-01    9.049022e-01  8.8733e-10
      3.0000      0.5000         3    9.363472e-01    9.363472e-01  9.6930e-10
      3.0000      1.0000         1    7.301026e-01    7.301026e-01  6.6993e-09
      3.0000      1.0000         2    8.335594e-01    8.335594e-01  6.7280e-09
      3.0000      1.0000         3    8.774010e-01    8.774010e-01  6.7167e-09
      3.0000      2.0000         1    5.248572e-01    5.248572e-01  1.4458e-11
      3.0000      2.0000         2    6.293857e-01    6.293857e-01  8.0739e-12
      3.0000      2.0000         3    6.800272e-01    6.800272e-01  5.0292e-11
      3.0000      4.0000         1    2.059013e-01    2.059013e-01  1.6661e-11
      3.0000      4.0000         2    2.112149e-01    2.112149e-01  8.1463e-11
      3.0000      4.0000         3    2.074731e-01    2.074731e-01  2.9433e-11
     15.0000      7.0000        15    9.981130e-01    9.981130e-01  7.6039e-11
     15.0000      7.0000        20    9.994874e-01    9.994874e-01  7.8301e-11
     15.0000      7.0000        25    9.998392e-01    9.998392e-01  4.3373e-11
      0.0500      1.0000         1    1.686106e-01    1.686106e-01  6.7013e-09
      0.0500      1.0000         2    1.696795e-01    1.696795e-01  6.7066e-09
      0.0500      1.0000         3    1.701041e-01    1.701041e-01  6.6814e-09
      4.0000      2.0000        10    9.247683e-01    9.247683e-01  1.0697e-11
      4.0000      3.0000        10    7.483139e-01    7.483139e-01  4.1851e-12
      4.0000      4.0000        10    4.659802e-01    4.659802e-01  4.7830e-11
      5.0000      2.0000        10    9.761873e-01    9.761873e-01  3.9326e-11
      5.0000      3.0000        10    8.979689e-01    8.979689e-01  5.7786e-11
      5.0000      4.0000        10    7.181905e-01    7.181905e-01  2.5756e-11
      6.0000      2.0000        10    9.923659e-01    9.923659e-01  2.9207e-11
      6.0000      3.0000        10    9.610342e-01    9.610342e-01  6.2834e-11
      6.0000      4.0000        10    8.688007e-01    8.688007e-01  3.0153e-11

asa243_test():
  Normal end of execution.
Wed Oct  8 07:26:12 2025
