0  0  1
0  1  1
1  1  1
1  0  1
0.5  0.5  0
0  0.5  1
0.18102467060089  0.26105472445488  0
0.25  0.5  0
0.44569453597069  0.097707651555538  0
0.375  0.3125  0
0.1875  0.4375  0
0  0.75  1
0  0.25  1
0.5  0  1
0.1199156716466  0.32775297760963  0
0.5  1  1
0.125  0.5625  0
0.29374998807907  0.39375001192093  0
0  0.375  1
0.12053571641445  0.48214286565781  0
0.052331350743771  0.4375  0
0.40749999880791  0.42625001072884  0
0.21220427751541  0.34660324454308  0
0.093994326889515  0.23638321459293  0
0  0.125  1
0.17411534488201  0.11958953738213  0
1  0.5  1
0.375  0.56189620494843  0
0.27069875597954  0.27295115590096  0
0.375  0  1
0.50546717643738  0.39825937151909  0
0.47227200865746  0.30663910508156  0
0.61148184537888  0.45497342944145  0
0.53971999883652  0.15816490352154  0
1  0.25  1
0.73154008388519  0.46142494678497  0
0.52923840284348  0.24296042323112  0
0.42574745416641  0.20769849419594  0
0.75  0  1
0.42300844192505  0.5016822218895  0
0.38586896657944  0.14366230368614  0
0.25  0  1
0  0.625  1
0.1199156716466  0.40343636274338  0
0.044640421867371  0.3125  0
0.31164148449898  0.13020101189613  0
0.25022825598717  0.65670651197433  0
0.64165586233139  0.2138108164072  0
0.6077795624733  0.33445128798485  0
0.65700203180313  0.72820049524307  0
0.46677190065384  0.72852611541748  0
0.69042837619781  0.2925828397274  0
1  0.375  1
0.68452858924866  0.38344565033913  0
0.60386884212494  0.5966472029686  0
0.70795702934265  0.15077736973763  0
0.75037723779678  0.7625532746315  0
0.57453924417496  0.52402967214584  0
0.66770446300507  0.52903610467911  0
1  0.75  1
0.76789832115173  0.55969399213791  0
0.88056254386902  0.51667904853821  0
0.74202466011047  0.66341054439545  0
1  0.625  1
0.8341372013092  0.20862799882889  0
0.66380500793457  0.64894616603851  0
0.83245187997818  0.34742748737335  0
0.93038874864578  0.4375  0
0.75  1  1
0.9478445649147  0.5625  0
0.87570351362228  0.67571228742599  0
0.046875  0.5625  0
0.81287288665771  0.62599915266037  0
0.84981244802475  0.76597106456757  0
0.79607033729553  0.88134950399399  0
0.109375  0.6875  0
0.087802268564701  0.14625689387321  0
0.125  0  1
0.23813542723656  0.18636500835419  0
0.24622850120068  0.081477612257004  0
0.21108005940914  0.57841014862061  0
0.625  0  1
0.77791005373001  0.27735525369644  0
0.875  0  1
0.90470141172409  0.27889478206635  0
0.95300620794296  0.6875  0
1  0.875  1
0.61296224594116  0.87724870443344  0
0.67911756038666  0.81216698884964  0
0.92686611413956  0.073133878409863  0
0.0625  0.061963010579348  0
0.6875  0.063822753727436  0
0.62254387140274  0.12498804926872  0
0.55278635025024  0.07081364095211  0
0.47839573025703  0.61353749036789  0
0.55107665061951  0.67896640300751  0
0.80868297815323  0.097613610327244  0
0.93245905637741  0.1988423615694  0
0.86955308914185  0.14208221435547  0
0.875  1  1
0.86449295282364  0.84301459789276  0
0.625  1  1
0  0.875  1
1  0.125  1
0.8125  0.95599842071533  0
0.9375  0.9375  0
0.943224132061  0.8125  0
0.077527686953545  0.75872033834457  0
0.19744375348091  0.75280058383942  0
0.25  1  1
0.33434227108955  0.76545470952988  0
0.125  1  1
0.14151698350906  0.83742153644562  0
0.35379901528358  0.66350126266479  0
0.43491348624229  0.87019604444504  0
0.41277360916138  0.79080021381378  0
0.54032975435257  0.81948471069336  0
0.58155059814453  0.75196719169617  0
0.69903516769409  0.91194158792496  0
0.375  1  1
0.31026020646095  0.88923215866089  0
0.23378455638885  0.83761030435562  0
0.18747338652611  0.92421865463257  0
0.0625  0.9375  0
0.4375  0.95011895895004  0
0.3125  0.96222603321075  0
0.82373064756393  0.44137018918991  0
0.52667737007141  0.91119736433029  0
0.60130657752355  0.16565458973249  0
0.46174639463425  0.37704949577649  0
0.27876943846544  0.59900428851446  0
0.097594246268272  0.44102640946706  0
0.44350281357765  0.47597741087278  0
0.53642999132474  0.29468360543251  0
0.47038732965787  0.154523683091  0
0.36016948024432  0.47597741087278  0
0.24374999602636  0.44375000397364  0
0.36077172557513  0.20810398459435  0
0.35874999562899  0.37750000754992  0
0.25888434052467  0.33776813745499  0
0.17320664972067  0.39584653576215  0
0.15220525860786  0.54101767142614  0
0.13164488971233  0.27506363888582  0
0.062300895651182  0.73207344611486  0
0.017443783581257  0.4375  0
0.19387192527453  0.5201843380928  0
0.11863731344541  0.16740988194942  0
0.31708332896233  0.44000000754992  0
0.054852031171322  0.36364545424779  0
0.015625  0.5625  0
0.15067854026953  0.35926419496536  0
0.82406383752823  0.50591440995534  0
0.23115142186483  0.39261775215467  0
0.120538448294  0.060517515987158  0
0.057622355719407  0.4732142885526  0
0.31095666189988  0.070559541384379  0
0.18601190547148  0.4732142885526  0
0.097470238804817  0.5357142885526  0
0.014880140622457  0.3125  0
0.3575034836928  0.091287771860758  0
0.4709890584151  0.44150312741597  0
0.086183473467827  0.29221206406752  0
0.17104820658763  0.3118036488692  0
0.40218783418338  0.080456651747227  0
0.20707616706689  0.027159204085668  0
0.0292674228549  0.17375229795774  0
0.47575262188911  0.25243267416954  0
0.6875  0.021274251242479  0
0.56200702985128  0.49300103386243  0
0.57490952809652  0.39589469631513  0
0.036458333333333  0.6875  0
0.14971144745747  0.20567582547665  0
0.31314958135287  0.32640038927396  0
0.2653351376454  0.13268121083577  0
0.41910365223885  0.14968948314587  0
0.41825733582179  0.34846303860346  0
0.73471333583196  0.10407124459743  0
0.35714873671532  0.26438321669896  0
0.27349188923836  0.19650572538376  0
0.52850624918938  0.3464499215285  0
0.39422456423442  0.90318238735199  0
0.57020475467046  0.20497871438662  0
0.60011007388433  0.065267230073611  0
0.53898300727208  0.45107760032018  0
0.69980259736379  0.57922542095184  0
0.72457599639893  0.62401690085729  0
0.54444707433383  0.62971703211466  0
0.42433982094129  0.2756125330925  0
0.87871644894282  0.18318419158459  0
0.62454346815745  0.81379429499308  0
0.49823528528214  0.20294127364953  0
0.63459666570028  0.39095678925514  0
0.59289127588272  0.26374084254106  0
0.46713472406069  0.53840657075246  0
0.34933614730835  0.52119280894597  0
0.42546805739403  0.5590386390686  0
0.025842562317848  0.79457344611486  0
0.19775848090649  0.18900309006373  0
0.22130923469861  0.2935363749663  0
0.14265046268702  0.44102640946706  0
0.052083333333333  0.625  0
0.057415674130122  0.40531212091446  0
0.046211582918962  0.26629440486431  0
0.094823921720187  0.34789644678434  0
0.32273640235265  0.18227149049441  0
0.44023151199023  0.032569217185179  0
0.68001375595729  0.21905700862408  0
0.64662126700083  0.28028164803982  0
0.722380956014  0.51671834786733  0
0.87149765094121  0.9121710062027  0
0.13049679001172  0.89971339702606  0
0.78359240293503  0.15233965963125  0
0.96823380390803  0.30129826068878  0
0.97679624954859  0.4375  0
0.69549894332886  0.76764025290807  0
0.83891622225444  0.25495934486389  0
0.67585017283758  0.43328134218852  0
0.66091217597326  0.33682659268379  0
0.67024213075638  0.48181149363518  0
0.49874809384346  0.67367666959763  0
0.64501462380091  0.062936934332053  0
0.77333476146062  0.21225354075432  0
0.88918068011602  0.35460742314657  0
0.94503005345662  0.36379826068878  0
0.61790851751963  0.50267973542213  0
0.55226793885231  0.57807145516078  0
0.77426528930664  0.61636789639791  0
0.61537084976832  0.54990432659785  0
0.78073811531067  0.73064496119817  0
0.87822731335958  0.46518307924271  0
0.9369837641716  0.48472634951274  0
0.87880698839823  0.62140381336212  0
0.78023703893026  0.39074777563413  0
0.83679191271464  0.83011172215144  0
0.94280236959457  0.5263930161794  0
0.68761056661606  0.68018573522568  0
0.82251354058584  0.701697965463  0
0.75384505589803  0.9559800028801  0
0.76920183499654  0.91642983754476  0
0.88042666514715  0.56839273373286  0
0.62396123011907  0.6853710214297  0
0.64512610435486  0.59154315789541  0
0.77438968420029  0.4874963760376  0
0.71762233972549  0.31779458125432  0
0.96695025761922  0.625  0
0.98261485497157  0.5625  0
0.98433540264765  0.6875  0
0.79875334103902  0.80329128106435  0
0.14848501980305  0.6094700495402  0
0.71646797657013  0.71805477142334  0
0.82044458389282  0.56745739777883  0
0.81020035346349  0.65504066149394  0
0.89284072319667  0.70972778399785  0
0.8125  0.98533280690511  0
0.055803572138151  0.51488095521927  0
0.09375  0.60416666666667  0
0.26067142685254  0.72498726844788  0
0.060598865151405  0.21088003615538  0
0.020833333333333  0.062321003526449  0
0.22995295127233  0.24012362957001  0
0.10813920448224  0.1092698139449  0
0.21949309110641  0.12914405266444  0
0.18178128202756  0.067022383213043  0
0.29040950040023  0.027159204085668  0
0.27869335313638  0.54676878452301  0
0.19022777179877  0.64087222019831  0
0.49949362874031  0.056173764169216  0
0.76496350765228  0.33607613046964  0
0.72543181975683  0.24023848772049  0
0.89043255647024  0.22878838082155  0
0.83745775620143  0.14944127450387  0
0.83835444847743  0.30122584104538  0
0.96541011333466  0.75  0
0.92551809549332  0.64190409580866  0
0.48805912335714  0.95377210776011  0
0.97916666666667  0.9375  0
0.58821320533752  0.92948202292124  0
0.66370499134064  0.86711909373601  0
0.74185504515966  0.81868992249171  0
0.57828086614609  0.81623353560766  0
0.31278984745344  0.69522082805634  0
0.0625  0.97916666666667  0
0.050100756188234  0.11107330148419  0
0.0625  0.020654336859783  0
0.74872765938441  0.05381212135156  0
0.67266696691513  0.11319605757793  0
0.65738558769226  0.16319207847118  0
0.57168340682983  0.11798886458079  0
0.51273362835248  0.1088953986764  0
0.55926211675008  0.023604546984037  0
0.51764499147733  0.54585572083791  0
0.43298888206482  0.66852162281672  0
0.60625016689301  0.64151992400487  0
0.59654309352239  0.71971136331558  0
0.81122765938441  0.032537870109081  0
0.90962608655294  0.13801948477825  0
0.87018303076426  0.056915829579035  0
0.9774863521258  0.1912807871898  0
0.97562203804652  0.066044626136621  0
0.95310839017232  0.13232541332642  0
0.91534759600957  0.75532368818919  0
0.91507236162821  0.86433819929759  0
0.96024137735367  0.875  0
0.64566580454508  0.9297300974528  0
0.18568233648936  0.69900236527125  0
0.86836739381154  0.10427656769753  0
0.69134505589803  0.97064719597499  0
0.94572015603383  0.24257904787858  0
0.82435443003972  0.89345417420069  0
0.875  0.96449947357178  0
0.9375  0.97916666666667  0
0.88584317763646  0.80716188748678  0
0.981074710687  0.8125  0
0.12811548014482  0.73300697406133  0
0.4732917547226  0.77960367997487  0
0.4111148416996  0.72760919729869  0
0.073014890154203  0.8237139582634  0
0.36697163184484  0.73991872866948  0
0.93395537137985  0.024377959469954  0
0.13882947464784  0.7829808195432  0
0.19091509779294  0.80927747488022  0
0.18759164214134  0.86641683181127  0
0.29279567797979  0.83076572418213  0
0.32634242375692  0.62736799319585  0
0.40239824851354  0.61297831932704  0
0.46267228325208  0.82682698965073  0
0.3125  0.98740867773692  0
0.38598243395487  0.85007613897324  0
0.53313304980596  0.71981990337372  0
0.72474102179209  0.86848602692286  0
0.63922339677811  0.76411155859629  0
0.52955075105031  0.766659339269  0
0.55055912335714  0.97039912144343  0
0.46636361877124  0.91050412257512  0
0.12499112884204  0.95390621821086  0
0.375  0.9707816640536  0
0.35245869557063  0.81516236066818  0
0.25519019365311  0.78528853257497  0
0.27007786432902  0.9252256155014  0
0.24383938312531  0.88368703921636  0
0.18749112884204  0.97473955154419  0
0.068005661169688  0.88330717881521  0
0.020833333333333  0.9375  0
0.50064020355543  0.86695937315623  0
0.4375  0.98337298631668  0
0.24999112884204  0.96214822928111  0
0.35342006882032  0.9338590502739  0
0.74659977356593  0.42874692877134  0
0.86219042539597  0.40876589218775  0
0.55998979012171  0.86931025981903  0
