48  34  129
34  93  129
93  48  129
32  31  130
31  22  130
22  32  130
28  47  131
47  81  131
81  28  131
20  21  132
21  44  132
44  20  132
22  5  133
5  40  133
40  22  133
49  32  134
32  37  134
37  49  134
34  38  135
38  9  135
9  34  135
22  40  136
40  8  136
8  22  136
8  11  137
11  18  137
18  8  137
29  41  138
41  38  138
38  29  138
22  18  139
18  10  139
10  22  139
18  23  140
23  29  140
29  18  140
11  44  141
44  23  141
23  11  141
17  20  142
20  81  142
81  17  142
24  7  143
7  15  143
15  24  143
12  76  144
76  108  144
108  12  144
6  19  145
19  21  145
21  6  145
81  20  146
20  8  146
8  81  146
77  26  147
26  24  147
24  77  147
8  18  148
18  22  148
22  8  148
45  44  149
44  19  149
19  45  149
43  6  150
6  72  150
72  43  150
15  23  151
23  44  151
44  15  151
62  61  152
61  127  152
127  62  152
18  11  153
11  23  153
23  18  153
78  26  154
26  91  154
91  78  154
20  6  155
6  21  155
21  20  155
80  30  156
30  46  156
46  80  156
8  20  157
20  11  157
11  8  157
20  17  158
17  72  158
72  20  158
13  45  159
45  19  159
19  13  159
30  41  160
41  46  160
46  30  160
22  31  161
31  5  161
5  22  161
15  45  162
45  24  162
24  15  162
23  15  163
15  7  163
7  23  163
41  30  164
30  9  164
9  41  164
80  78  165
78  42  165
42  80  165
13  25  166
25  77  166
77  13  166
32  38  167
38  37  167
37  32  167
82  39  168
39  92  168
92  82  168
5  33  169
33  58  169
58  5  169
49  33  170
33  31  170
31  49  170
12  43  171
43  76  171
76  12  171
26  7  172
7  24  172
24  26  172
18  29  173
29  10  173
10  18  173
46  79  174
79  80  174
80  46  174
41  9  175
9  38  175
38  41  175
32  22  176
22  10  176
10  32  176
92  97  177
97  56  177
56  92  177
38  10  178
10  29  178
29  38  178
46  29  179
29  79  179
79  46  179
32  49  180
49  31  180
31  32  180
115  125  181
125  121  181
121  115  181
34  48  182
48  37  182
37  34  182
94  82  183
82  93  183
93  94  183
33  5  184
5  31  184
31  33  184
66  59  185
59  61  185
61  66  185
66  61  186
61  63  186
63  66  186
96  95  187
95  55  187
55  96  187
32  10  188
10  38  188
38  32  188
98  65  189
65  99  189
99  98  189
88  118  190
118  89  190
89  88  190
34  37  191
37  38  191
38  34  191
54  33  192
33  49  192
49  54  192
37  48  193
48  49  193
49  37  193
95  40  194
40  5  194
5  95  194
8  40  195
40  28  195
28  8  195
95  28  196
28  40  196
40  95  196
12  108  197
108  103  197
103  12  197
7  26  198
26  79  198
79  7  198
23  7  199
7  29  199
29  23  199
20  44  200
44  11  200
11  20  200
43  72  201
72  76  201
76  43  201
19  44  202
44  21  202
21  19  202
24  45  203
45  13  203
13  24  203
44  45  204
45  15  204
15  44  204
46  41  205
41  29  205
29  46  205
30  14  206
14  9  206
9  30  206
56  52  207
52  48  207
48  56  207
52  49  208
49  48  208
48  52  208
36  61  209
61  59  209
59  36  209
105  101  210
101  106  210
106  105  210
123  124  211
124  113  211
113  123  211
56  97  212
97  65  212
65  56  212
53  85  213
85  35  213
35  53  213
53  27  214
27  68  214
68  53  214
50  57  215
57  89  215
89  50  215
83  65  216
65  85  216
85  83  216
33  54  217
54  36  217
36  33  217
49  52  218
52  54  218
54  49  218
36  59  219
59  33  219
33  36  219
96  51  220
51  95  220
95  96  220
92  93  221
93  82  221
82  92  221
83  56  222
56  65  222
65  83  222
85  68  223
68  67  223
67  85  223
53  68  224
68  85  224
85  53  224
59  58  225
58  33  225
33  59  225
95  58  226
58  55  226
55  95  226
61  73  227
73  63  227
63  61  227
58  59  228
59  55  228
55  58  228
57  63  229
63  74  229
74  57  229
127  68  230
68  62  230
62  127  230
62  68  231
68  27  231
27  62  231
71  73  232
73  70  232
70  71  232
54  67  233
67  127  233
127  54  233
75  74  234
74  101  234
101  75  234
62  27  235
27  70  235
70  62  235
66  63  236
63  50  236
50  66  236
63  71  237
71  74  237
74  63  237
119  105  238
105  69  238
69  119  238
105  119  239
119  75  239
75  105  239
62  70  240
70  73  240
73  62  240
96  66  241
66  50  241
50  96  241
59  66  242
66  55  242
55  59  242
127  61  243
61  36  243
36  127  243
52  83  244
83  54  244
54  52  244
64  86  245
86  70  245
70  64  245
27  64  246
64  70  246
70  27  246
64  60  247
60  86  247
86  64  247
74  75  248
75  57  248
57  74  248
81  76  249
76  17  249
17  81  249
57  50  250
50  63  250
63  57  250
62  73  251
73  61  251
61  62  251
71  63  252
63  73  252
73  71  252
86  74  253
74  71  253
71  86  253
100  69  254
69  105  254
105  100  254
20  72  255
72  6  255
6  20  255
76  72  256
72  17  256
17  76  256
111  109  257
109  47  257
47  111  257
13  77  258
77  24  258
24  13  258
91  25  259
25  1  259
1  91  259
7  79  260
79  29  260
29  7  260
91  26  261
26  77  261
77  91  261
80  79  262
79  26  262
26  80  262
78  80  263
80  26  263
26  78  263
30  80  264
80  42  264
42  30  264
28  81  265
81  8  265
8  28  265
76  81  266
81  47  266
47  76  266
94  9  267
9  14  267
14  94  267
54  83  268
83  67  268
67  54  268
56  83  269
83  52  269
52  56  269
85  65  270
65  98  270
98  85  270
99  65  271
65  97  271
97  99  271
83  85  272
85  67  272
67  83  272
86  60  273
60  107  273
107  86  273
70  86  274
86  71  274
71  70  274
125  128  275
128  16  275
16  125  275
106  87  276
87  3  276
3  106  276
88  102  277
102  128  277
128  88  277
88  89  278
89  119  278
119  88  278
75  89  279
89  57  279
57  75  279
88  117  280
117  118  280
118  88  280
111  47  281
47  114  281
114  111  281
124  112  282
112  2  282
2  124  282
25  91  283
91  77  283
77  25  283
78  91  284
91  1  284
1  78  284
97  92  285
92  39  285
39  97  285
93  92  286
92  56  286
56  93  286
48  93  287
93  56  287
56  48  287
93  34  288
34  94  288
94  93  288
9  94  289
94  34  289
34  9  289
82  94  290
94  14  290
14  82  290
95  5  291
5  58  291
58  95  291
114  95  292
95  51  292
51  114  292
66  96  293
96  55  293
55  66  293
118  96  294
96  50  294
50  118  294
39  84  295
84  97  295
97  39  295
98  99  296
99  90  296
90  98  296
90  97  297
97  84  297
84  90  297
35  98  298
98  104  298
104  35  298
104  90  299
90  4  299
4  104  299
104  98  300
98  90  300
90  104  300
74  86  301
86  107  301
107  74  301
101  107  302
107  106  302
106  101  302
107  87  303
87  106  303
106  107  303
119  102  304
102  88  304
88  119  304
109  76  305
76  47  305
47  109  305
97  90  306
90  99  306
99  97  306
69  102  307
102  119  307
119  69  307
35  85  308
85  98  308
98  35  308
101  105  309
105  75  309
75  101  309
105  106  310
106  100  310
100  105  310
100  106  311
106  3  311
3  100  311
74  107  312
107  101  312
101  74  312
60  87  313
87  107  313
107  60  313
109  108  314
108  76  314
76  109  314
117  116  315
116  51  315
51  117  315
114  51  316
51  116  316
116  114  316
113  103  317
103  108  317
108  113  317
111  114  318
114  116  318
116  111  318
90  84  319
84  4  319
4  90  319
108  109  320
109  113  320
113  108  320
122  113  321
113  109  321
109  122  321
123  113  322
113  122  322
122  123  322
111  121  323
121  122  323
122  111  323
47  28  324
28  114  324
114  47  324
114  28  325
28  95  325
95  114  325
115  116  326
116  117  326
117  115  326
126  120  327
120  110  327
110  126  327
121  116  328
116  115  328
115  121  328
51  96  329
96  118  329
118  51  329
75  119  330
119  89  330
89  75  330
89  118  331
118  50  331
50  89  331
51  118  332
118  117  332
117  51  332
128  102  333
102  16  333
16  128  333
115  128  334
128  125  334
125  115  334
124  123  335
123  112  335
112  124  335
120  126  336
126  125  336
125  120  336
116  121  337
121  111  337
111  116  337
111  122  338
122  109  338
109  111  338
121  126  339
126  123  339
123  121  339
121  123  340
123  122  340
122  121  340
110  112  341
112  123  341
123  110  341
103  113  342
113  124  342
124  103  342
103  124  343
124  2  343
2  103  343
115  117  344
117  128  344
128  115  344
16  120  345
120  125  345
125  16  345
123  126  346
126  110  346
110  123  346
125  126  347
126  121  347
121  125  347
54  127  348
127  36  348
36  54  348
68  127  349
127  67  349
67  68  349
117  88  350
88  128  350
128  117  350
