  0.589147  0.74308
  0.507003  0.546291
  0.662764  0.724172
  0.622788  0.522662
  0.76614  0.637937
  0.858927  0.652175
  0.495199  0.619233
  0.350765  0.482475
  0.649003  0.629582
  0.652498  0.704887
  0.634214  0.711897
  0.20598  0.320123
  0.815542  0.615755
  0.583138  0.593157
  0.805405  0.77831
  0.377966  0.517792
  0.519081  0.576454
  0.15755  0.315825
  0.597818  0.634681
  0.909131  0.680538
  0.460413  0.566271
  0.567859  0.482396
  0.432645  0.542847
  0.826679  0.643303
  0.739254  0.881108
  0.294105  0.360879
  0.58871  0.606525
  0.802524  0.681011
  0.659629  0.661732
  0.696672  0.54231
  0.521467  0.571361
  0.648368  0.691224
  0.62741  0.777613
  0.456482  0.497862
  0.686416  0.815822
  0.483077  0.541005
  0.184032  0.34704
  0.370232  0.384787
  0.79258  0.579771
  0.610965  0.644117
  0.65905  0.567298
  0.864065  0.652564
  0.247973  0.326433
  0.70085  0.719048
  0.676942  0.716697
  0.559371  0.670953
  0.836426  0.640713
  0.699534  0.678467
  0.399801  0.535188
  0.308693  0.393124
  0.769758  0.591763
  0.345287  0.420975
  0.693536  0.536454
  0.602501  0.609116
  0.588475  0.631852
  0.353907  0.408953
  0.773591  0.63928
  0.610931  0.722199
  0.227339  0.362173
  0.664323  0.809751
  0.457456  0.476267
  0.728653  0.598391
  0.876111  0.678048
  0.279145  0.450469
  0.83953  0.672293
  0.395168  0.492591
  0.762863  0.809274
  0.743269  0.857231
  0.85127  0.648504
  0.245798  0.402359
  0.461174  0.560657
  0.358445  0.457191
  0.301973  0.35648
  0.334287  0.440563
  0.604264  0.711345
  0.466345  0.500895
  0.776888  0.587255
  0.869842  0.683521
  0.283303  0.413796
  0.116867  0.293737
  0.470428  0.514275
  0.747011  0.59912
  0.835962  0.74141
  0.71234  0.761662
  0.577576  0.498775
  0.285158  0.388804
  0.819675  0.700468
  0.724589  0.737157
  0.576405  0.734865
  0.461543  0.594268
  0.758117  0.852008
  0.785624  0.72913
  0.0546597  0.229291
  0.732067  0.584206
  0.54318  0.61325
  0.766869  0.775233
  0.252827  0.401318
  0.568307  0.706401
  0.616139  0.52513
  0.560434  0.696158
  0.563159  0.569549
  0.677107  0.630651
  0.519592  0.55195
  0.477885  0.478078
  0.65747  0.610723
  0.203807  0.338983
  0.81558  0.673747
  0.698475  0.669309
  0.22799  0.403247
  0.717378  0.645847
  0.80925  0.631887
  0.545767  0.65876
  0.629369  0.709941
  0.859189  0.743193
  0.66775  0.595905
  0.878846  0.693449
  0.596852  0.554547
  0.55985  0.55186
  0.624263  0.639348
  0.562129  0.580893
  0.438881  0.60859
  0.759411  0.87201
  0.706283  0.858576
  0.714067  0.621682
  0.342613  0.505233
  0.724894  0.686296
  0.5064  0.440637
  0.281434  0.350042
  0.075089  0.251774
  0.43763  0.440405
  0.743259  0.750934
  0.659971  0.79692
  0.748542  0.800389
  0.905583  0.636063
  0.142838  0.276806
  0.473605  0.545063
  0.837802  0.766925
  0.323921  0.46762
  0.533034  0.480251
  0.282146  0.366125
  0.646819  0.655651
  0.741704  0.734746
  0.875779  0.652918
  0.566804  0.644368
  0.391126  0.419602
  0.596756  0.568095
  0.177983  0.311839
  0.767811  0.757433
  0.508056  0.494458
  0.834527  0.693344
  0.693502  0.584955
  0.61055  0.583953
  0.745589  0.870225
  0.71257  0.587277
  0.532381  0.693957
  0.228153  0.371755
  0.542985  0.554231
  0.483979  0.522988
  0.668706  0.60151
  0.320712  0.354588
  0.616149  0.760494
  0.242637  0.383201
  0.710485  0.623176
  0.722046  0.685407
  0.379422  0.425084
  0.343746  0.37276
  0.557492  0.539326
  0.662449  0.54795
  0.3104  0.399841
  0.639249  0.691164
  0.215657  0.328302
  0.479388  0.553344
  0.788193  0.848935
  0.803494  0.773972
  0.246105  0.399261
  0.738618  0.718732
  0.570808  0.472292
  0.842427  0.696981
  0.624881  0.706106
  0.549199  0.644306
  0.144161  0.280868
  0.534701  0.597842
  0.765678  0.666038
  0.304797  0.455053
  0.188439  0.29856
  0.846324  0.774883
  0.564552  0.639573
  0.464146  0.466984
  0.739723  0.734535
  0.794731  0.580883
  0.695789  0.715587
  0.778106  0.804141
  0.453341  0.506972
  0.518891  0.548565
  0.617432  0.570247
  0.440494  0.494445
  0.579547  0.594893
  0.517761  0.538147
  0.735897  0.663481
  0.74627  0.698792
  0.868704  0.746386
  0.743166  0.653005
  0.338233  0.508878
  0.394801  0.568191
  0.341155  0.388943
  0.65165  0.585458
  0.47453  0.536327
  0.580306  0.483258
  0.590155  0.542691
  0.185438  0.350612
  0.38829  0.467121
  0.627267  0.743088
  0.318392  0.365977
  0.502567  0.453529
  0.514814  0.465307
  0.0808997  0.242584
  0.852968  0.677286
  0.600928  0.636733
  0.338007  0.434364
  0.810434  0.628573
  0.808301  0.790964
  0.17888  0.29711
  0.170713  0.347983
  0.699395  0.589508
  0.772681  0.77558
  0.571762  0.631914
  0.637584  0.578886
  0.521961  0.505164
  0.483692  0.46707
  0.204517  0.298592
  0.288129  0.421686
  0.186367  0.340145
  0.838925  0.645205
  0.685703  0.671546
  0.704781  0.831901
  0.403283  0.433127
  0.843924  0.662331
  0.477801  0.47857
  0.738116  0.720507
  0.826734  0.69383
  0.37122  0.439064
  0.242519  0.401035
  0.805981  0.651934
  0.684479  0.747784
  0.502266  0.438815
  0.73964  0.865837
  0.252511  0.434454
  0.301666  0.475173
  0.601705  0.50232
  0.379328  0.541432
  0.258671  0.347571
  0.150765  0.287233
  0.729634  0.813718
  0.920524  0.681397
  0.51  0.494733
  0.879475  0.622352
  0.730153  0.547512
  0.384236  0.46393
  0.509551  0.53754
  0.882124  0.707649
  0.734452  0.83851
  0.451271  0.546891
  0.741989  0.663544
  0.86787  0.66001
  0.443766  0.483066
  0.690733  0.584755
  0.522456  0.675813
  0.448106  0.471708
  0.469099  0.550104
  0.498168  0.470409
  0.736035  0.856656
  0.409661  0.558509
  0.823402  0.602652
  0.634286  0.698031
  0.815361  0.784463
  0.286262  0.385454
  0.667597  0.766083
  0.622538  0.526481
  0.737453  0.864552
  0.196016  0.303054
  0.823301  0.681531
  0.775205  0.856526
  0.824871  0.642335
  0.71835  0.588314
  0.619629  0.569575
  0.63725  0.558762
  0.418815  0.457729
  0.707381  0.626032
  0.375045  0.54797
  0.617055  0.517095
  0.497615  0.606805
  0.828696  0.708765
  0.463976  0.469755
  0.583553  0.639194
  0.728328  0.601322
  0.8152  0.688172
  0.516005  0.652903
  0.697921  0.559231
  0.684508  0.552627
  0.435429  0.525557
  0.761774  0.612358
  0.362405  0.374453
  0.850253  0.715505
  0.263214  0.417562
  0.693319  0.724774
  0.307105  0.378045
  0.764783  0.828328
  0.664108  0.809224
  0.851281  0.693101
  0.773882  0.594411
  0.524591  0.498984
  0.646961  0.798219
  0.23466  0.398965
  0.677622  0.651809
  0.239207  0.354221
  0.378274  0.487861
  0.740857  0.801688
  0.412014  0.411222
  0.535499  0.557824
  0.738662  0.80668
  0.130679  0.29804
  0.420948  0.470764
  0.739993  0.871511
  0.0965236  0.26163
  0.333431  0.400314
  0.371766  0.465894
  0.452966  0.571438
  0.582046  0.493393
  0.501404  0.664294
  0.185251  0.358878
  0.741108  0.680511
  0.47935  0.64077
  0.799491  0.634886
  0.758986  0.788484
  0.647185  0.755638
  0.360806  0.49157
  0.269151  0.34908
  0.862045  0.689762
  0.887184  0.698446
  0.698772  0.750074
  0.347448  0.418052
  0.521199  0.491054
  0.278929  0.452975
  0.805427  0.779055
  0.657764  0.786566
  0.863834  0.634567
  0.82032  0.741312
  0.715548  0.751093
  0.758989  0.815702
  0.518156  0.518426
  0.65409  0.514956
  0.582611  0.629959
  0.528857  0.638605
  0.212258  0.348696
  0.638096  0.585951
  0.481618  0.596523
  0.752347  0.722894
  0.394819  0.51305
  0.277792  0.406047
  0.414226  0.481401
  0.532807  0.671733
  0.870282  0.659214
  0.451576  0.541274
  0.65279  0.690729
  0.482695  0.46126
  0.289337  0.376057
  0.769  0.705519
  0.460095  0.554233
  0.831816  0.644679
  0.899192  0.674398
  0.742943  0.886797
  0.559137  0.485174
  0.388675  0.455533
  0.830393  0.739562
  0.666697  0.637828
  0.683806  0.580747
  0.734248  0.589822
  0.374165  0.45196
  0.651936  0.575237
  0.522604  0.653816
  0.212195  0.354142
  0.681981  0.554548
  0.801219  0.670177
  0.299888  0.430062
  0.659389  0.592531
  0.357957  0.431308
  0.288071  0.3371
  0.457672  0.510578
  0.831199  0.610013
  0.638373  0.591019
  0.91983  0.664355
  0.554902  0.653501
  0.317293  0.422996
  0.595792  0.650619
  0.620741  0.760644
  0.226534  0.375503
  0.746637  0.609861
  0.706072  0.727892
  0.514179  0.466756
  0.334424  0.420968
  0.903947  0.69544
  0.801659  0.697714
  0.824461  0.739683
  0.507934  0.550091
  0.69133  0.672608
  0.621243  0.700268
  0.73697  0.833701
  0.670043  0.523972
  0.563398  0.642145
  0.717413  0.679569
  0.556064  0.61432
  0.624623  0.531137
  0.654274  0.530555
  0.287092  0.378672
  0.406773  0.44354
  0.745946  0.694442
  0.747721  0.770169
  0.113526  0.28801
  0.851072  0.724546
  0.601204  0.589206
  0.52505  0.549885
  0.490271  0.449103
  0.876645  0.643317
  0.631341  0.65769
  0.932202  0.648278
  0.622213  0.565213
  0.277636  0.402861
  0.84038  0.642852
  0.71529  0.580011
  0.440438  0.57085
  0.331963  0.439563
  0.635759  0.506183
  0.594863  0.55633
  0.123257  0.285674
  0.845443  0.695952
  0.141706  0.307629
  0.307083  0.462966
  0.785253  0.68458
  0.493809  0.60626
  0.6793  0.706837
  0.768875  0.599989
  0.497755  0.516706
  0.924669  0.68129
  0.40258  0.505543
  0.36239  0.493654
  0.664657  0.576238
  0.502042  0.593429
  0.481298  0.634506
  0.668838  0.673022
  0.57555  0.524304
  0.788226  0.845933
  0.57702  0.60741
  0.278074  0.420399
  0.271805  0.423369
  0.531463  0.567053
  0.536782  0.505945
  0.746325  0.707823
  0.124332  0.275964
  0.913706  0.695054
  0.686116  0.806136
  0.629791  0.605391
  0.869578  0.722236
  0.748795  0.764268
  0.695908  0.74719
  0.390329  0.519047
  0.562307  0.724548
  0.300299  0.449707
  0.317095  0.356978
  0.550698  0.520558
  0.551165  0.565064
  0.777197  0.701559
  0.734272  0.770144
  0.382551  0.423743
  0.499166  0.582336
  0.583652  0.503407
  0.52237  0.529295
  0.742166  0.775894
  0.648434  0.711975
  0.419791  0.415463
  0.755913  0.669839
  0.461816  0.573065
  0.790221  0.639099
  0.803968  0.811787
  0.750261  0.873991
  0.51645  0.4747
  0.694443  0.651015
  0.27634  0.373696
  0.840085  0.653116
  0.661942  0.663125
  0.608695  0.676908
  0.79244  0.646195
  0.326502  0.455321
  0.764424  0.823099
  0.522299  0.501248
  0.212832  0.350532
  0.496106  0.444108
  0.600281  0.694649
  0.707804  0.785627
  0.531812  0.606022
  0.338157  0.507551
  0.282197  0.349009
  0.796377  0.60112
  0.211738  0.30237
  0.551155  0.493131
  0.672007  0.788393
  0.305838  0.403873
  0.460499  0.572953
  0.863282  0.655216
  0.656597  0.773596
  0.73259  0.763287
  0.32685  0.393914
  0.625168  0.768579
  0.636536  0.790518
  0.763004  0.824683
  0.814769  0.742297
  0.259409  0.381598
  0.627603  0.565149
  0.116426  0.280849
  0.642556  0.526931
  0.531197  0.503492
  0.340482  0.482152
  0.680835  0.676288
  0.658945  0.604754
  0.450207  0.552625
  0.828421  0.669855
  0.735593  0.856983
  0.760723  0.590318
  0.519097  0.672724
  0.899067  0.703587
  0.282223  0.459968
  0.476439  0.551556
  0.637272  0.55105
  0.173105  0.301906
  0.579556  0.689991
  0.697982  0.673398
  0.575689  0.64437
  0.419329  0.502704
  0.777932  0.695793
  0.554142  0.652864
  0.569033  0.508602
  0.759717  0.627466
  0.102164  0.281034
  0.882766  0.651504
  0.760061  0.738468
  0.566801  0.696754
  0.771299  0.768993
  0.46891  0.576988
  0.583314  0.667481
  0.8912  0.622416
  0.739384  0.612908
  0.351729  0.428972
  0.462971  0.6003
  0.480107  0.485687
  0.826504  0.759326
  0.387541  0.518327
  0.62662  0.52829
  0.189339  0.366769
  0.779917  0.75745
  0.793114  0.602993
  0.850229  0.624328
  0.473006  0.549742
  0.252183  0.408703
  0.5758  0.701827
  0.671965  0.746604
  0.543142  0.512892
  0.794774  0.679061
  0.535126  0.679196
  0.767937  0.760931
  0.443048  0.532238
  0.800162  0.623317
  0.309665  0.393059
  0.609818  0.518638
  0.874712  0.61764
  0.743938  0.636644
  0.766902  0.582441
  0.628051  0.715164
  0.898648  0.698752
  0.561828  0.536363
  0.272108  0.391233
  0.783597  0.688908
  0.285609  0.399741
  0.627095  0.755647
  0.546079  0.638145
  0.398653  0.434373
  0.823699  0.698221
  0.558955  0.68298
  0.814683  0.599377
  0.803654  0.717639
  0.575788  0.683971
  0.91464  0.66201
  0.806635  0.716928
  0.610305  0.496417
  0.649089  0.775054
  0.667279  0.575816
  0.332734  0.480047
  0.85419  0.625202
  0.805473  0.825557
  0.775699  0.847321
  0.723259  0.590246
  0.621526  0.764626
  0.848633  0.736988
  0.362713  0.418084
  0.360752  0.515045
  0.619803  0.617123
  0.809698  0.652928
  0.559843  0.57844
  0.665815  0.818542
  0.639056  0.712857
  0.674624  0.814385
  0.909142  0.672435
  0.682417  0.809972
  0.515369  0.504303
  0.685464  0.785184
  0.581039  0.688229
  0.360192  0.441592
  0.619634  0.701543
  0.34215  0.449072
  0.778501  0.740212
  0.470204  0.615959
  0.15266  0.3387
  0.356772  0.467944
  0.380594  0.530652
  0.650646  0.53812
  0.771838  0.772657
  0.414578  0.562318
  0.667368  0.734408
  0.665338  0.647081
  0.686047  0.727334
  0.437741  0.441493
  0.109865  0.293753
  0.46896  0.587949
  0.235383  0.337727
  0.59739  0.566882
  0.438509  0.491795
  0.321281  0.381913
  0.437119  0.454054
  0.313553  0.410166
  0.728856  0.792905
  0.332757  0.459228
  0.72432  0.690882
  0.699721  0.701714
  0.536252  0.543297
  0.670941  0.744153
  0.73709  0.798558
  0.639242  0.50312
  0.686327  0.836182
  0.620988  0.544893
  0.397828  0.401332
  0.158279  0.332883
  0.685383  0.534561
  0.193084  0.304603
  0.656261  0.634362
  0.607716  0.718286
  0.405  0.400815
  0.322621  0.398357
  0.533078  0.58594
  0.135292  0.286334
  0.812892  0.732434
  0.423317  0.446116
  0.572626  0.727005
  0.476412  0.552732
  0.629074  0.6747
  0.683717  0.689108
  0.824683  0.686874
  0.731457  0.602426
  0.875087  0.719968
  0.593508  0.685983
  0.478541  0.583197
  0.395554  0.395577
  0.783421  0.757589
  0.768464  0.75661
  0.815922  0.61105
  0.744297  0.583721
  0.530595  0.638832
  0.775932  0.641555
  0.718805  0.656778
  0.852738  0.682204
  0.491198  0.514377
  0.121139  0.267335
  0.471689  0.600497
  0.617046  0.588195
  0.736152  0.850591
  0.576243  0.548319
  0.646629  0.551903
  0.895951  0.658205
  0.725085  0.857539
  0.448694  0.548283
  0.390021  0.395538
  0.357973  0.510651
  0.290205  0.419683
  0.742665  0.578411
  0.609292  0.62843
  0.741281  0.774599
  0.438933  0.46625
  0.580678  0.684692
  0.64937  0.715136
  0.404131  0.532955
  0.721772  0.566407
  0.844018  0.732163
  0.73942  0.600632
  0.82456  0.804108
  0.806948  0.698938
  0.892397  0.639834
  0.308079  0.386013
  0.804472  0.603081
  0.188848  0.372582
  0.204227  0.355692
  0.752703  0.650753
  0.626264  0.632014
  0.313373  0.378038
  0.430107  0.584015
  0.579725  0.70683
  0.197606  0.368066
  0.254071  0.327973
  0.332149  0.360802
  0.918526  0.676891
  0.375183  0.462836
  0.48878  0.603401
  0.571902  0.596918
  0.711712  0.577655
  0.78896  0.825304
  0.720758  0.859425
  0.705401  0.627572
  0.86416  0.703419
  0.293654  0.467112
  0.685641  0.762846
  0.353705  0.383617
  0.497787  0.657003
  0.664082  0.741553
  0.718229  0.63626
  0.560642  0.624411
  0.410801  0.47451
  0.11711  0.261844
  0.76045  0.805222
  0.88723  0.628259
  0.604988  0.726765
  0.568131  0.712272
  0.22552  0.313194
  0.517329  0.451413
  0.566193  0.650768
  0.207705  0.302242
  0.368739  0.404616
  0.538498  0.562702
  0.910762  0.670886
  0.36991  0.536182
  0.488772  0.524067
  0.717167  0.551189
  0.322028  0.450856
  0.483789  0.592054
  0.748521  0.794045
  0.789654  0.752062
  0.419139  0.461056
  0.686759  0.585902
  0.59666  0.611571
  0.564128  0.645856
  0.320731  0.382588
  0.486776  0.595165
  0.697183  0.728807
  0.512547  0.628932
  0.46083  0.542286
  0.418704  0.513669
  0.748282  0.802545
  0.396168  0.457004
  0.727206  0.679833
  0.68909  0.686762
  0.680486  0.77789
  0.54486  0.527166
  0.622373  0.616092
  0.871476  0.669194
  0.333786  0.440561
  0.497851  0.497654
  0.719374  0.731565
  0.661822  0.815457
  0.444261  0.526801
  0.445373  0.412049
  0.542601  0.472325
  0.78187  0.835875
  0.710049  0.556109
  0.707698  0.542289
  0.420439  0.491927
  0.295948  0.469677
  0.451458  0.492057
  0.117692  0.283591
  0.775546  0.823408
  0.635769  0.569714
  0.539256  0.681024
  0.624007  0.601182
  0.353781  0.396743
  0.605999  0.714206
  0.360884  0.46726
  0.681101  0.599552
  0.656184  0.599758
  0.199182  0.324587
  0.688333  0.760023
  0.481934  0.634432
  0.776488  0.599566
  0.621205  0.695522
  0.436276  0.568135
  0.704632  0.712727
  0.367786  0.415508
  0.387809  0.548102
  0.176495  0.342639
  0.319937  0.439864
  0.066456  0.259049
  0.779284  0.616492
  0.508198  0.65457
  0.735002  0.784698
  0.887408  0.714257
  0.645483  0.619877
  0.465305  0.550108
  0.748905  0.638695
  0.817472  0.706413
  0.603835  0.490746
  0.491032  0.627089
  0.570154  0.589868
  0.72182  0.612154
  0.704195  0.849922
  0.382328  0.442903
  0.702037  0.555524
  0.355424  0.470035
  0.431853  0.438322
  0.55413  0.684636
  0.220964  0.376028
  0.777771  0.828515
  0.756631  0.680986
  0.672601  0.74488
  0.633198  0.552504
  0.788961  0.603238
  0.670612  0.744061
  0.687383  0.783648
  0.216761  0.353012
  0.644201  0.561058
  0.499366  0.563135
  0.920742  0.654956
  0.345147  0.449508
  0.73742  0.70372
  0.647785  0.70425
  0.544649  0.460288
  0.900799  0.639036
  0.772498  0.71374
  0.282169  0.367912
  0.71802  0.835324
  0.618735  0.535654
  0.546059  0.562528
  0.678053  0.617164
  0.331716  0.413923
  0.75851  0.785441
  0.717426  0.587896
  0.768137  0.649528
  0.904431  0.630267
  0.655752  0.601651
  0.534412  0.5615
  0.616009  0.609607
  0.871718  0.742796
  0.316461  0.404689
  0.633728  0.590984
  0.65757  0.516182
  0.325729  0.480822
  0.507022  0.462178
  0.382038  0.526777
  0.695136  0.736476
  0.790744  0.787704
  0.853765  0.689818
  0.258944  0.341857
  0.534989  0.476229
  0.793001  0.602599
  0.841249  0.674247
  0.33676  0.502005
  0.478588  0.620462
  0.809279  0.78516
  0.755614  0.792199
  0.806886  0.603473
  0.8204  0.772779
  0.664206  0.544057
  0.651869  0.511297
  0.457562  0.528344
  0.657094  0.514845
  0.49972  0.445137
  0.628904  0.680963
  0.796486  0.638831
  0.15808  0.28664
  0.463009  0.600793
  0.908571  0.698926
  0.36636  0.497441
  0.904614  0.64098
  0.455013  0.621257
  0.745214  0.850326
  0.27884  0.388206
  0.652734  0.780438
  0.56722  0.490434
  0.71244  0.825778
  0.402907  0.520413
  0.824881  0.630247
  0.549455  0.508322
  0.719314  0.675293
  0.265981  0.367621
  0.770974  0.594259
  0.618459  0.732262
  0.39021  0.428165
  0.619458  0.766874
  0.678698  0.758834
  0.672302  0.537021
  0.664733  0.521038
  0.772174  0.780924
  0.380492  0.441159
  0.768262  0.741307
  0.620404  0.731824
  0.787075  0.745449
  0.454871  0.546527
  0.608428  0.550832
  0.359637  0.496056
  0.600711  0.726868
  0.865263  0.735917
  0.666512  0.80796
  0.868521  0.690311
  0.786705  0.767868
  0.790943  0.73621
  0.614703  0.538612
  0.783163  0.69364
  0.661955  0.526058
  0.864068  0.642346
  0.754567  0.56094
  0.759746  0.658273
  0.542838  0.482265
  0.398649  0.476505
  0.880861  0.65553
  0.248225  0.360778
  0.591195  0.482237
  0.628531  0.580487
  0.909325  0.678622
  0.497213  0.625542
  0.60936  0.768421
  0.502355  0.553947
  0.62383  0.758618
  0.425396  0.595615
  0.836544  0.634976
  0.642824  0.628361
  0.871668  0.720164
  0.70568  0.605411
  0.652664  0.69241
  0.578941  0.551782
  0.826264  0.624829
  0.3491  0.406136
  0.338366  0.381829
  0.806984  0.77252
  0.434822  0.513205
  0.624994  0.61904
  0.519252  0.503089
  0.253216  0.385325
  0.201403  0.332243
  0.428256  0.560936
  0.860982  0.657135
  0.334411  0.495386
  0.763076  0.805982
  0.219801  0.398349
  0.653532  0.795632
  0.68539  0.668499
  0.681574  0.790771
  0.464303  0.626398
  0.258765  0.330692
  0.528344  0.683731
  0.592165  0.670458
  0.802177  0.614035
  0.930651  0.646902
  0.518149  0.675004
  0.402294  0.537013
  0.258009  0.356967
  0.704578  0.670045
  0.565574  0.633952
  0.551723  0.612129
  0.403104  0.456328
  0.68248  0.547418
  0.272276  0.339569
  0.715726  0.765862
  0.60655  0.695035
  0.749925  0.591139
  0.451231  0.603602
  0.448669  0.560513
  0.500662  0.455138
  0.940721  0.661356
  0.585543  0.688513
  0.253939  0.328857
  0.567019  0.523381
  0.542128  0.463079
  0.698983  0.737988
  0.704982  0.839357
  0.908473  0.692713
  0.555265  0.544112
  0.888119  0.684369
  0.765425  0.69896
  0.540321  0.507207
  0.804532  0.736079
  0.719517  0.825512
  0.762542  0.679623
  0.536396  0.480913
  0.514149  0.562462
  0.806728  0.799226
  0.791311  0.668424
  0.192027  0.352014
  0.515768  0.519701
