Wed Oct  8 07:26:10 2025

asa109_test():
  python version: 3.10.12
  numpy version:  1.26.4
  Test asa109().

asa109_test01():
  xinbta() inverts the incomplete beta function.

      A        B         CDF      X                         X
                                 (Tabulated)               (XINBTA)                DIFF

    0.50    0.50      0.0638    1.0000000000000000e-02    9.9999999999999985e-03  1.7347e-18
    0.50    0.50      0.2048    1.0000000000000001e-01    1.0000000000000002e-01  1.3878e-17
    0.50    0.50      1.0000    1.0000000000000000e+00    1.0000000000000000e+00  0.0000e+00
    1.00    0.50      0.0000    0.0000000000000000e+00    0.0000000000000000e+00  0.0000e+00
    1.00    0.50      0.0050    1.0000000000000000e-02    1.0000000000000002e-02  1.7347e-18
    1.00    0.50      0.0513    1.0000000000000001e-01    1.0000000000000001e-01  0.0000e+00
    1.00    0.50      0.2929    5.0000000000000000e-01    5.0000000000000033e-01  3.3307e-16
    1.00    1.00      0.5000    5.0000000000000000e-01    5.0000000000000000e-01  0.0000e+00
    2.00    2.00      0.0280    1.0000000000000001e-01    9.9999999999999992e-02  1.3878e-17
    2.00    2.00      0.1040    2.0000000000000001e-01    2.0000000000000001e-01  0.0000e+00
    2.00    2.00      0.2160    2.9999999999999999e-01    3.0000000000000010e-01  1.1102e-16
    2.00    2.00      0.3520    4.0000000000000002e-01    3.9999999999999997e-01  5.5511e-17
    2.00    2.00      0.5000    5.0000000000000000e-01    5.0000000000000000e-01  0.0000e+00
    2.00    2.00      0.6480    5.9999999999999998e-01    6.0000000000000009e-01  1.1102e-16
    2.00    2.00      0.7840    6.9999999999999996e-01    6.9999999999999996e-01  0.0000e+00
    2.00    2.00      0.8960    8.0000000000000004e-01    8.0000000000000004e-01  0.0000e+00
    2.00    2.00      0.9720    9.0000000000000002e-01    8.9999999999999991e-01  1.1102e-16
    5.50    5.00      0.4362    5.0000000000000000e-01    5.0000000000000022e-01  2.2204e-16
   10.00    0.50      0.1516    9.0000000000000002e-01    9.0000000000000047e-01  4.4409e-16
   10.00    5.00      0.0898    5.0000000000000000e-01    4.9999999999999978e-01  2.2204e-16
   10.00    5.00      1.0000    1.0000000000000000e+00    1.0000000000000000e+00  0.0000e+00
   10.00   10.00      0.5000    5.0000000000000000e-01    4.9999999999999967e-01  3.3307e-16
   20.00    5.00      0.4599    8.0000000000000004e-01    8.0000000000000038e-01  3.3307e-16
   20.00   10.00      0.2147    5.9999999999999998e-01    6.0000000000000064e-01  6.6613e-16
   20.00   10.00      0.9507    8.0000000000000004e-01    7.9999999999999949e-01  5.5511e-16
   20.00   20.00      0.5000    5.0000000000000000e-01    5.0000000000000133e-01  1.3323e-15
   20.00   20.00      0.8979    5.9999999999999998e-01    5.9999999999999942e-01  5.5511e-16
   30.00   10.00      0.2241    6.9999999999999996e-01    7.0000000000000018e-01  2.2204e-16
   30.00   10.00      0.7586    8.0000000000000004e-01    7.9999999999999960e-01  4.4409e-16
   40.00   20.00      0.7002    6.9999999999999996e-01    6.9999999999999973e-01  2.2204e-16
    1.00    0.50      0.0513    1.0000000000000001e-01    1.0000000000000001e-01  0.0000e+00
    1.00    0.50      0.1056    2.0000000000000001e-01    2.0000000000000001e-01  0.0000e+00
    1.00    0.50      0.1633    2.9999999999999999e-01    3.0000000000000004e-01  5.5511e-17
    1.00    0.50      0.2254    4.0000000000000002e-01    4.0000000000000002e-01  0.0000e+00
    1.00    2.00      0.3600    2.0000000000000001e-01    2.0000000000000001e-01  0.0000e+00
    1.00    3.00      0.4880    2.0000000000000001e-01    1.9999999999999998e-01  2.7756e-17
    1.00    4.00      0.5904    2.0000000000000001e-01    2.0000000000000007e-01  5.5511e-17
    1.00    5.00      0.6723    2.0000000000000001e-01    1.9999999999999996e-01  5.5511e-17
    2.00    2.00      0.2160    2.9999999999999999e-01    3.0000000000000010e-01  1.1102e-16
    3.00    2.00      0.0837    2.9999999999999999e-01    3.0000000000000004e-01  5.5511e-17
    4.00    2.00      0.0308    2.9999999999999999e-01    3.0000000000000004e-01  5.5511e-17
    5.00    2.00      0.0109    2.9999999999999999e-01    3.0000000000000004e-01  5.5511e-17
    1.31   11.76      0.9189    2.2560900000000000e-01    2.2560899999999973e-01  2.7756e-16
    1.31   11.76      0.2105    3.3556799999999998e-02    3.3556799999999991e-02  6.9389e-18
    1.31   11.76      0.1824    2.9522199999999998e-02    2.9522200000000012e-02  1.3878e-17

asa109_test02():
  beta_inc_values() stores values of
  the incomplete Beta function.

      A            B            X            BETA_INC(A,B)(X)

    0.50    0.50      0.0100    6.3768560858519854e-02    6.3768560858519882e-02  2.7756e-17
    0.50    0.50      0.1000    2.0483276469913350e-01    2.0483276469913350e-01  0.0000e+00
    0.50    0.50      1.0000    1.0000000000000000e+00    1.0000000000000000e+00  0.0000e+00
    1.00    0.50      0.0000    0.0000000000000000e+00    0.0000000000000000e+00  0.0000e+00
    1.00    0.50      0.0100    5.0125628933800452e-03    5.0125628933800461e-03  8.6736e-19
    1.00    0.50      0.1000    5.1316701949486197e-02    5.1316701949486183e-02  1.3878e-17
    1.00    0.50      0.5000    2.9289321881345248e-01    2.9289321881345226e-01  2.2204e-16
    1.00    1.00      0.5000    5.0000000000000000e-01    5.0000000000000000e-01  0.0000e+00
    2.00    2.00      0.1000    2.8000000000000001e-02    2.8000000000000021e-02  2.0817e-17
    2.00    2.00      0.2000    1.0400000000000000e-01    1.0400000000000001e-01  1.3878e-17
    2.00    2.00      0.3000    2.1600000000000000e-01    2.1599999999999989e-01  1.1102e-16
    2.00    2.00      0.4000    3.5199999999999998e-01    3.5200000000000009e-01  1.1102e-16
    2.00    2.00      0.5000    5.0000000000000000e-01    5.0000000000000000e-01  0.0000e+00
    2.00    2.00      0.6000    6.4800000000000002e-01    6.4799999999999991e-01  1.1102e-16
    2.00    2.00      0.7000    7.8400000000000003e-01    7.8400000000000003e-01  0.0000e+00
    2.00    2.00      0.8000    8.9600000000000002e-01    8.9600000000000002e-01  0.0000e+00
    2.00    2.00      0.9000    9.7199999999999998e-01    9.7199999999999998e-01  0.0000e+00
    5.50    5.00      0.5000    4.3619088505597770e-01    4.3619088505597736e-01  3.3307e-16
   10.00    0.50      0.9000    1.5164090963470989e-01    1.5164090963470891e-01  9.7145e-16
   10.00    5.00      0.5000    8.9782714843750000e-02    8.9782714843750305e-02  3.0531e-16
   10.00    5.00      1.0000    1.0000000000000000e+00    1.0000000000000000e+00  0.0000e+00
   10.00   10.00      0.5000    5.0000000000000000e-01    5.0000000000000100e-01  9.9920e-16
   20.00    5.00      0.8000    4.5987732975757911e-01    4.5987732975757745e-01  1.6653e-15
   20.00   10.00      0.6000    2.1468161023717389e-01    2.1468161023717217e-01  1.7208e-15
   20.00   10.00      0.8000    9.5073648269578748e-01    9.5073648269578803e-01  5.5511e-16
   20.00   20.00      0.5000    5.0000000000000000e-01    4.9999999999999212e-01  7.8826e-15
   20.00   20.00      0.6000    8.9794136871059183e-01    8.9794136871059282e-01  9.9920e-16
   30.00   10.00      0.7000    2.2412974918083661e-01    2.2412974918083470e-01  1.9151e-15
   30.00   10.00      0.8000    7.5864054871920861e-01    7.5864054871920938e-01  7.7716e-16
   40.00   20.00      0.7000    7.0017832474770691e-01    7.0017832474770825e-01  1.3323e-15
    1.00    0.50      0.1000    5.1316701949486197e-02    5.1316701949486183e-02  1.3878e-17
    1.00    0.50      0.2000    1.0557280900008410e-01    1.0557280900008414e-01  4.1633e-17
    1.00    0.50      0.3000    1.6333997346592449e-01    1.6333997346592447e-01  2.7756e-17
    1.00    0.50      0.4000    2.2540333075851660e-01    2.2540333075851665e-01  5.5511e-17
    1.00    2.00      0.2000    3.5999999999999999e-01    3.5999999999999999e-01  0.0000e+00
    1.00    3.00      0.2000    4.8799999999999999e-01    4.8799999999999993e-01  5.5511e-17
    1.00    4.00      0.2000    5.9040000000000004e-01    5.9040000000000015e-01  1.1102e-16
    1.00    5.00      0.2000    6.7232000000000003e-01    6.7232000000000003e-01  0.0000e+00
    2.00    2.00      0.3000    2.1600000000000000e-01    2.1599999999999989e-01  1.1102e-16
    3.00    2.00      0.3000    8.3699999999999997e-02    8.3699999999999955e-02  4.1633e-17
    4.00    2.00      0.3000    3.0779999999999998e-02    3.0779999999999974e-02  2.4286e-17
    5.00    2.00      0.3000    1.0935000000000000e-02    1.0934999999999995e-02  5.2042e-18
    1.31   11.76      0.2256    9.1888468462051798e-01    9.1888468462051820e-01  2.2204e-16
    1.31   11.76      0.0336    2.1052977489419000e-01    2.1052977489419006e-01  5.5511e-17
    1.31   11.76      0.0295    1.8241305125006729e-01    1.8241305125006738e-01  8.3267e-17

asa109_test()
  Normal end of execution.
Wed Oct  8 07:26:10 2025
