  -1.07902  3.94436  0
  -1.14649  0.311836  0
  -2.31221  -0.810943  0
  -0.683992  2.82676  0
  0.315818  -4.08882  0
  0.000893057  3.31689  0
  -0.868779  2.26063  0
  -1.69213  -0.413583  0
  -2.19393  2.61327  0
  -1.09868  3.97355  0
  -1.59334  2.74125  0
  0.40339  3.63964  0
  -0.886886  1.31643  0
  -0.238821  -1.6892  0
  -3.71294  -1.56095  0
  -0.566826  2.43646  0
  -2.02388  3.18104  0
  -0.304359  -3.62468  0
  0.251015  2.27035  0
  -1.0773  2.64172  0
  -1.57556  2.02876  0
  -1.51891  2.6953  0
  -3.93398  0.778327  0
  -2.21947  2.9478  0
  0.805929  -4.51678  0
  -2.86993  0.926313  0
  -1.07614  2.31688  0
  -0.392547  4.61871  0
  0.58523  -3.05425  0
  -0.00667701  -1.7627  0
  -0.0699154  -1.7103  0
  -1.75871  -0.861263  0
  -2.41314  1.38444  0
  0.580551  3.10471  0
  -2.34432  -0.791292  0
  -1.72104  -2.41606  0
  -1.43779  3.73644  0
  -0.323818  3.57821  0
  -1.00885  -3.89192  0
  -2.38532  1.22175  0
  -0.546172  2.32877  0
  -1.41762  2.30947  0
  0.579111  -3.21311  0
  -0.626714  1.39394  0
  -0.575256  -4.32432  0
  -0.205752  4.06323  0
  -0.998242  -0.40853  0
  -3.32636  0.344917  0
  -1.02024  -1.61765  0
  -1.39049  0.482581  0
  -1.30808  -0.364414  0
  -0.160685  -2.18817  0
  -3.82023  0.289699  0
  -0.0191605  3.08984  0
  -1.34534  -3.81132  0
  -0.749813  -3.31368  0
  -1.1818  -2.25632  0
  -3.46319  1.80637  0
  -0.968084  3.47103  0
  0.333746  3.53501  0
  -2.24532  0.225281  0
  -2.29133  1.32062  0
  -0.874232  2.98568  0
  -2.02658  -1.44765  0
  0.240685  -4.23202  0
  -1.72615  0.851618  0
  -0.487796  -2.63094  0
  -2.94911  -1.16366  0
  -0.685451  2.56051  0
  -2.49079  -1.30831  0
  0.358967  4.23061  0
  -2.01608  -3.95683  0
  -2.22621  2.75345  0
  -2.09677  2.18571  0
  -0.806187  -3.74607  0
  0.0870929  2.32179  0
  -0.632706  1.4014  0
  0.89086  3.77023  0
  0.701152  3.65307  0
  -1.864  3.76991  0
  -0.760849  -3.89317  0
  -0.837837  4.57162  0
  -0.659373  -2.46696  0
  -2.39627  -2.98872  0
  -2.06879  -3.09197  0
  0.102613  -3.65851  0
  -3.44571  -0.567785  0
  0.785794  -2.54013  0
  -0.98848  -1.3628  0
  0.128548  3.57125  0
  -2.01779  -2.02206  0
  -0.810121  -1.93091  0
  -0.586021  -1.70667  0
  -2.29839  2.19931  0
  -1.59242  3.12668  0
  -1.25065  0.65475  0
  -3.27456  -0.361092  0
  -1.44606  -2.99752  0
  -3.49141  1.34476  0
  -2.42331  2.20046  0
  -0.147171  -2.12745  0
  -0.833524  1.96304  0
  -3.94754  -0.408746  0
  -2.2344  3.74447  0
  -1.75476  1.81569  0
  -3.46551  -1.4889  0
  -2.07657  -2.35958  0
  -1.88254  -0.309733  0
  -0.705045  1.4474  0
  -3.90294  -0.025352  0
  -2.7618  2.46644  0
  -1.93234  -0.562924  0
  -1.95028  -0.973049  0
  -1.17204  0.949962  0
  -1.25757  0.463429  0
  0.744833  -2.37448  0
  -0.191155  -2.04411  0
  -1.79586  -1.31426  0
  -1.27058  -0.75216  0
  -2.92237  1.5406  0
  -2.49571  -2.8532  0
  -0.781991  1.55411  0
  -0.632477  4.45356  0
  0.94334  3.86926  0
  -3.04405  -2.19527  0
  -0.537939  2.46417  0
  -2.99684  -0.78573  0
  -3.69596  -0.649305  0
  -2.84399  -0.0967956  0
  -1.72693  -0.986094  0
  -2.87386  -2.54801  0
  -1.97163  2.7742  0
  -1.91348  -3.25604  0
  -2.38049  -3.31432  0
  -1.40836  -1.70388  0
  -1.96447  0.264331  0
  -2.12244  3.1774  0
  -2.23721  -1.8779  0
  -0.155668  3.36217  0
  -3.30639  2.31788  0
  -1.0523  -0.427285  0
  -2.77962  -1.71184  0
  -0.94871  2.23595  0
  -1.39785  -2.35575  0
  -1.16473  4.28492  0
  -0.627263  -1.69228  0
  -1.52027  0.0280235  0
  -2.15158  -2.1977  0
  0.961842  -3.43602  0
  -0.572052  3.81447  0
  -0.744085  1.41911  0
  -0.569975  -1.96798  0
  -2.5217  -0.233815  0
  -1.13133  3.74195  0
  -3.5328  0.488594  0
  -1.27792  -0.543548  0
  -0.559111  -3.62758  0
  -0.986413  -1.43509  0
  -0.408592  1.47599  0
  -2.06868  -1.7758  0
  -3.74259  -0.676239  0
  -2.07312  0.357289  0
  -1.36053  -1.69515  0
  -1.8726  2.07763  0
  0.000760591  2.32262  0
  -1.47404  -4.05469  0
  0.691339  4.82116  0
  0.283165  4.29366  0
  -2.98612  0.851382  0
  -0.570732  2.58049  0
  0.336791  4.08194  0
  -3.03017  -0.949874  0
  0.781783  -2.12582  0
  -3.22521  -1.14575  0
  -0.929487  2.47243  0
  -2.57066  0.506069  0
  -1.83438  -3.4809  0
  -0.503767  -3.34782  0
  0.366687  -1.99673  0
  0.562173  2.89321  0
  -1.02614  0.637668  0
  -2.27723  -0.284759  0
  -2.58775  1.92785  0
  -0.818617  -3.0912  0
  -0.0820592  2.11215  0
  -2.97267  1.6406  0
  -0.712856  3.51409  0
  0.943105  3.09521  0
  -2.22795  3.63246  0
  -3.20456  1.22654  0
  -0.735363  3.01342  0
  -3.45895  0.55686  0
  -1.14459  1.1844  0
  -0.0252828  3.64544  0
  0.403665  -1.93213  0
  -0.255072  -1.88977  0
  -1.5571  3.65881  0
  0.13883  -2.95579  0
  -2.12313  -1.33824  0
  0.744527  4.04335  0
  -2.51047  0.635826  0
  0.114784  4.1714  0
  -0.86918  2.04394  0
  0.971309  3.36131  0
  -1.21338  3.18674  0
  0.174661  2.63503  0
  0.611213  -2.13758  0
  -1.93111  -1.61592  0
  -1.77087  -1.76571  0
  -2.19471  3.57122  0
  -1.84451  -0.0845058  0
  -3.24409  -1.25497  0
  0.669748  3.52283  0
  -2.37519  -0.0897145  0
  0.900999  -4.51019  0
  -2.69115  0.285261  0
  -0.975958  -1.38804  0
  -1.74602  1.9624  0
  -1.58629  -0.402531  0
  -0.201281  -2.59299  0
  -2.3338  1.07736  0
  0.232363  -4.26535  0
  -2.91137  2.69636  0
  -1.49254  1.35743  0
  0.414279  3.74036  0
  -0.944291  4.53283  0
  -0.64076  1.19694  0
  -1.51417  0.560894  0
  -1.05298  0.459067  0
  -1.59904  2.218  0
  0.498622  2.50755  0
  -1.76886  2.96009  0
  0.456784  -2.1575  0
  -1.77161  -1.23025  0
  0.456112  -4.57549  0
  -0.691321  1.58148  0
  -2.03256  -0.765285  0
  -1.62225  -2.59199  0
  -1.18678  2.05409  0
  0.79802  2.44022  0
  0.0690676  -3.70898  0
  0.886913  -4.60636  0
  -1.49844  -2.23411  0
  0.649688  3.18529  0
  -0.543217  -2.15305  0
  -1.23945  -0.687584  0
  0.295616  -2.96697  0
  0.955474  -3.57443  0
  -0.563631  2.61302  0
  -3.55816  1.09435  0
  -2.8451  -1.20816  0
  -0.176133  -2.47732  0
  -1.1972  0.204  0
  0.188618  -4.70137  0
  -2.35512  -3.31938  0
  0.399235  4.7336  0
  -2.48291  2.72841  0
  -0.838525  -1.32122  0
  -1.21886  -3.64825  0
  -0.271681  2.11448  0
  -1.7433  -3.71258  0
  -0.959439  -0.995921  0
  0.468895  1.94849  0
  -1.00978  -2.33582  0
  -1.88717  3.69131  0
  -1.29885  1.17816  0
  -2.30533  1.9744  0
  -3.86736  1.07482  0
  -0.168427  -3.82591  0
  -0.998079  2.68279  0
  -0.67046  2.82876  0
  -1.83617  -3.94447  0
  -0.682412  -3.81161  0
  -1.03677  0.1644  0
  -0.392732  -1.57844  0
  0.148151  -3.72778  0
  -1.14771  -2.84179  0
  -2.55732  1.73376  0
  -1.30224  1.97565  0
  -2.192  0.337216  0
  -1.40166  -2.61898  0
  -2.04973  -2.35695  0
  -2.80471  2.12523  0
  -2.15196  -3.60424  0
  0.553828  4.46273  0
  -1.85224  -2.43012  0
  -1.7196  3.26979  0
  0.10239  -2.75055  0
  0.492435  -2.01126  0
  -0.759277  1.20375  0
  0.61714  2.44948  0
  0.256748  -2.39662  0
  -2.33215  1.24456  0
  0.584929  -2.17741  0
  -2.82858  0.458112  0
  -1.74136  -3.62961  0
  -1.79672  -3.47023  0
  -1.15995  3.08432  0
  -1.23275  -2.53542  0
  -1.20933  -2.71666  0
  -2.67818  2.01746  0
  -1.13576  3.55531  0
  0.771901  -2.99775  0
  -1.62598  2.65364  0
  -0.602162  2.38  0
  0.553391  -3.0684  0
  0.00442312  -1.89227  0
  -0.560863  2.55504  0
  -3.53443  1.38665  0
  -1.57776  -2.74057  0
  -1.20394  -3.05186  0
  -1.50858  -4.01077  0
  0.60954  3.16654  0
  0.570674  2.00152  0
  -2.12653  2.65764  0
  0.127418  1.96295  0
  -2.08431  -0.681133  0
  -3.40606  1.15235  0
  -2.34681  -2.83928  0
  -1.5887  -0.138427  0
  0.558277  -2.01623  0
  -0.878108  -1.49441  0
  -0.540651  -2.20133  0
  -3.74299  -0.117916  0
  -0.795476  3.09958  0
  -2.45142  0.639544  0
  -3.41379  0.816488  0
  0.653038  -3.9051  0
  -2.81037  2.44584  0
  -1.61082  -0.555821  0
  -1.5872  -4.16917  0
  -1.01596  0.419667  0
  -1.87237  3.68301  0
  0.0729865  4.35059  0
  -0.586837  -2.77862  0
  -0.700681  3.15874  0
  -2.08666  -1.05775  0
  0.274994  2.15133  0
  -2.22299  0.458071  0
  -2.32404  1.91629  0
  0.751504  2.61667  0
  -0.843644  3.46348  0
  -1.5321  1.73728  0
  0.514894  3.39554  0
  -0.900161  2.5306  0
  -3.27178  0.124781  0
  -2.07827  3.18381  0
  -1.00981  -2.83721  0
  -0.644747  4.6122  0
  -1.741  2.35741  0
  -1.26825  1.40014  0
  -0.730889  -3.52188  0
  0.957514  4.262  0
  0.216177  3.06667  0
  -3.36629  1.66456  0
  -1.23076  -0.949537  0
  0.344823  -4.2561  0
  -2.4524  0.0318412  0
  -1.53094  2.95021  0
  -1.31042  4.03119  0
  -0.978798  3.26056  0
  -1.94207  2.41909  0
  -0.206206  4.19771  0
  0.814354  -3.24428  0
  0.00127326  2.91463  0
  -0.227039  -2.71018  0
  0.636992  -3.08729  0
  -0.139425  2.83035  0
  0.0858751  -2.95365  0
  -1.44407  -1.21252  0
  0.5603  -3.79834  0
  0.481787  1.96514  0
  -1.69728  -1.53423  0
  0.0329685  3.99784  0
  -2.88585  1.23223  0
  -2.04043  3.19374  0
  -3.74689  -1.45199  0
  -1.22093  1.72599  0
  0.168401  -2.52706  0
  -0.0860988  2.29366  0
  0.273329  4.0809  0
  -2.70135  3.09834  0
  -1.8069  0.0984635  0
  -0.0700459  3.04277  0
  0.500025  3.46178  0
  -2.74492  -2.79916  0
  0.39026  -2.2939  0
  -1.63361  -0.309593  0
  -1.46151  -0.388282  0
  -0.906108  -2.22792  0
  0.743  4.04036  0
  -1.49472  3.21594  0
  -2.08995  0.117076  0
  -1.6975  -3.20807  0
  -2.22996  0.057747  0
  -3.73307  -0.523804  0
  -2.32237  3.54441  0
  -3.71652  -1.0444  0
  -1.58334  -0.540972  0
  0.160427  4.90816  0
  -2.66214  2.33279  0
  -0.757059  -3.48077  0
  0.0365192  -3.71124  0
  -1.29986  -1.74312  0
  -1.45103  -2.38012  0
  0.0983363  2.0944  0
  -2.95149  2.97134  0
  -2.09234  1.87565  0
  -3.45792  -1.25711  0
  0.72009  4.95071  0
  -2.58412  1.04976  0
  0.286107  2.5417  0
  -0.328562  -2.99428  0
  -0.85517  3.52928  0
  -2.15173  -1.80413  0
  -2.67562  -1.98441  0
  -3.51846  -0.419244  0
  -0.708029  -2.26603  0
  -3.36936  -1.67591  0
  -0.738656  1.48067  0
  -1.17841  3.4935  0
  -3.91573  -0.721148  0
  -1.7672  -2.2888  0
  -0.820058  2.06208  0
  -0.716337  -1.62526  0
  -2.78857  -0.0478452  0
  -3.16575  -2.30615  0
  0.157423  3.15167  0
  -2.48034  3.14568  0
  -0.885354  -0.81829  0
  -2.86211  -0.886661  0
  0.49808  -4.0329  0
  -1.82222  2.11866  0
  -2.6298  -1.90368  0
  -0.727181  2.93394  0
  -1.78403  -3.03761  0
  -0.874494  -4.42302  0
  -0.506186  -3.25157  0
  -0.219661  -1.77427  0
  -2.51038  2.1752  0
  0.249245  4.62952  0
  0.669648  -4.86082  0
  -1.62066  2.71977  0
  -1.12209  4.30898  0
  -0.188135  4.51874  0
  -1.98491  -3.8834  0
  0.24216  -1.9874  0
  -2.92825  0.193787  0
  -0.471126  -2.92258  0
  -3.39235  2.27799  0
  0.0152059  3.00744  0
  -2.9994  2.10662  0
  0.366667  -2.36413  0
  -1.40734  2.90713  0
  -1.31799  -2.5596  0
  -1.20826  -1.26564  0
  -1.90368  -2.28387  0
  -1.84327  -2.4966  0
  0.822234  -2.82535  0
  -0.849998  -3.46534  0
  0.180544  2.65192  0
  -1.3058  -0.657002  0
  -1.70959  1.32387  0
  -0.802353  4.61461  0
  -2.40369  0.743024  0
  -0.406384  2.78396  0
  -2.50764  -2.81119  0
  -0.277852  2.59464  0
  -0.931122  -0.950438  0
  -1.30445  3.08828  0
  -1.79452  -1.25551  0
  -1.05342  -4.18117  0
  -2.28249  -0.231465  0
  -2.04005  -0.838466  0
  -1.82273  -3.2034  0
  -1.03586  2.40181  0
  -0.738502  2.40994  0
  -0.846222  -2.37831  0
  -0.534098  1.68413  0
  -1.97254  -2.20857  0
  -0.0279593  1.73089  0
  -0.535979  -3.39768  0
  -1.22401  -3.95169  0
  -2.89009  0.869608  0
  -2.21751  2.56051  0
  -3.91726  -0.768887  0
  -1.22041  -3.37137  0
  -0.144853  2.71347  0
  -2.68126  3.25041  0
  -0.658489  2.02435  0
  0.85331  -4.84421  0
  -2.81103  0.808473  0
  -1.18038  -1.75202  0
  -1.50618  2.02356  0
  -1.19281  -1.49814  0
  -2.05314  1.5876  0
  0.549197  4.49548  0
  0.605897  2.63338  0
  -0.133901  3.04395  0
  -2.07681  3.78363  0
  4.93236  4.28299  1
  4.22348  3.09767  1
  0.0217821  -1.3847  1
  2.98768  6.22066  1
  0.608334  6.79642  1
  4.1165  3.69928  1
  2.20646  0.0207366  1
  1.84691  6.7842  1
  0.204238  -0.921793  1
  2.79134  3.81982  1
  4.6573  4.97443  1
  4.49014  5.52978  1
  1.38688  0.585332  1
  2.47972  4.74182  1
  4.66745  4.20831  1
  2.83235  5.97234  1
  0.656219  5.41092  1
  3.81653  3.90098  1
  3.16212  -0.0601535  1
  1.93894  6.61834  1
  3.19609  6.14931  1
  1.85394  0.887078  1
  2.75322  3.73586  1
  3.49116  3.78065  1
  3.06845  4.94999  1
  4.30586  4.45314  1
  3.53699  1.50506  1
  1.74154  1.04955  1
  2.17578  1.1663  1
  1.4817  6.22018  1
  1.90929  7.78527  1
  3.4845  2.72071  1
  2.28321  5.13312  1
  2.57365  2.09529  1
  1.13131  6.79051  1
  3.51274  1.2414  1
  1.79712  1.15266  1
  0.111845  -0.10787  1
  0.0666245  0.594501  1
  1.90747  5.93977  1
  3.03934  3.93323  1
  2.70082  2.27864  1
  1.73886  0.967824  1
  2.94951  4.60414  1
  4.65378  2.44871  1
  3.2684  3.37136  1
  1.69057  1.08079  1
  1.97438  -0.706775  1
  2.45288  0.805259  1
  4.15001  3.32844  1
  2.59889  7.46704  1
  2.56018  7.51362  1
  3.21616  3.89092  1
  1.96887  0.777729  1
  2.99522  3.62641  1
  4.22087  4.47998  1
  3.46378  0.918417  1
  2.65954  3.15726  1
  2.52136  1.86316  1
  2.07263  2.48741  1
  4.44321  2.53913  1
  3.14095  6.06016  1
  2.15432  5.05131  1
  0.136757  -0.105477  1
  2.53352  3.91603  1
  3.69998  4.16924  1
  2.15744  2.31938  1
  2.3468  1.40522  1
  2.20185  1.51372  1
  1.77238  0.932969  1
  3.42157  3.05527  1
  4.41773  4.28652  1
  1.69301  6.0249  1
  1.88596  4.57136  1
  3.59235  4.95124  1
  4.41671  2.10456  1
  3.30806  7.11584  1
  1.45803  -0.627667  1
  4.2625  3.56221  1
  1.73489  6.11345  1
  3.09899  0.838717  1
  2.17368  4.68987  1
  3.41559  3.09956  1
  3.59507  3.31551  1
  3.6843  5.45561  1
  2.31516  5.37703  1
  2.58602  4.73044  1
  2.47119  3.12446  1
  0.327574  6.98678  1
  2.79814  -0.267781  1
  1.12696  8.22171  1
  0.316055  -0.691036  1
  2.42392  2.09529  1
  0.37053  8.13648  1
  1.73861  5.67311  1
  1.06255  5.58633  1
  3.99957  5.23863  1
  0.627932  7.52214  1
  1.69875  0.790527  1
  2.64374  5.28715  1
  2.31684  5.01831  1
  1.02433  5.48951  1
  2.63432  1.03339  1
  1.5666  7.13547  1
  3.88021  5.78905  1
  2.0953  1.30661  1
  2.46302  1.96512  1
  2.50973  2.77702  1
  2.0515  -0.215292  1
  3.48191  2.67711  1
  1.39866  -0.30794  1
  3.13426  4.85483  1
  2.9144  3.62827  1
  2.02334  3.41497  1
  4.60544  3.86862  1
  3.69851  0.864271  1
  1.69325  7.18258  1
  3.93507  1.44659  1
  1.08358  7.39783  1
  3.06995  0.853917  1
  3.20451  5.63613  1
  2.73047  1.60375  1
  2.62641  7.28118  1
  1.96968  5.98001  1
  0.0956869  -0.104822  1
  0.593518  8.28315  1
  3.08943  4.41632  1
  1.81936  6.3955  1
  0.428252  6.66388  1
  0.390058  5.63512  1
  2.13544  -0.126556  1
  1.58757  6.72706  1
  1.63591  6.3778  1
  4.31675  1.60214  1
  2.32897  2.37702  1
  3.61272  2.62941  1
  0.863371  5.97721  1
  2.0107  -0.0333622  1
  2.14196  1.36797  1
  4.47059  4.6697  1
  1.85686  5.6827  1
  1.10636  5.86463  1
  4.03962  1.92492  1
  2.95109  1.63037  1
  1.63612  -0.420291  1
  0.363235  8.32184  1
  1.6823  7.53538  1
  2.33785  2.51395  1
  3.1484  5.7732  1
  2.7176  0.261432  1
  2.74192  4.71446  1
  2.43158  0.14626  1
  3.53888  1.45505  1
  2.29719  3.43563  1
  2.60821  6.35542  1
  3.93225  4.15317  1
  3.98232  3.80523  1
  2.58294  5.3097  1
  3.21027  6.20269  1
  2.22002  1.83491  1
  0.0472814  8.36067  1
  2.76333  5.32886  1
  3.56826  2.93478  1
  2.53401  6.88979  1
  0.748023  8.05741  1
  1.79327  0.397164  1
  4.26126  1.16029  1
  0.585987  1.01933  1
  3.24476  4.71635  1
  0.819315  7.95011  1
  1.05914  0.541497  1
  2.34348  2.89907  1
  1.93979  6.1587  1
  3.06998  3.26394  1
  1.33288  -0.132654  1
  3.03995  0.272592  1
  1.1955  0.401528  1
  2.10604  3.76372  1
  2.2468  1.28119  1
  0.0633037  0.626269  1
  2.50054  2.88595  1
  2.20106  5.00798  1
  1.42515  5.5947  1
  2.81483  4.29459  1
  1.25607  6.71579  1
  2.74042  1.0129  1
  3.36778  2.06612  1
  2.15714  3.1381  1
  0.760564  8.00167  1
  4.09497  6.33258  1
  3.08872  5.09389  1
  2.74506  1.47421  1
  1.81922  1.78113  1
  3.7719  0.732498  1
  1.91288  6.18608  1
  1.1525  -0.927189  1
  2.39737  0.476539  1
  0.487294  1.11461  1
  0.0355209  -1.4224  1
  2.17241  3.26408  1
  2.60364  -0.326246  1
  1.27192  1.0504  1
  0.4792  5.71885  1
  1.34358  6.77738  1
  4.6226  1.72394  1
  0.866066  1.44094  1
  2.64999  5.97127  1
  2.36821  7.29581  1
  0.625109  5.84462  1
  2.39222  -0.789339  1
  1.89058  5.09345  1
  1.60932  4.74448  1
  0.68668  -0.157622  1
  2.5106  4.66363  1
  3.07837  4.98066  1
  3.8042  1.03876  1
  3.02407  1.86532  1
  0.497724  5.5193  1
  1.79135  2.43621  1
  1.47187  6.89665  1
  3.92783  6.06947  1
  0.72827  1.53836  1
  1.83532  0.804035  1
  1.52222  4.86982  1
  1.10935  7.30693  1
  3.22752  3.14763  1
  3.46332  0.271964  1
  0.878686  8.37496  1
  0.792288  0.429166  1
  3.6376  4.73221  1
  3.79183  4.17229  1
  4.15272  5.26757  1
  2.32168  0.29619  1
  2.26709  3.93484  1
  2.65238  7.73067  1
  1.32491  1.09407  1
  3.43659  3.52072  1
  2.60993  1.18725  1
  0.0265432  -0.839622  1
  1.83099  6.17259  1
  3.86264  6.55971  1
  0.954146  -1.29633  1
  2.25979  0.758737  1
  2.95915  3.63497  1
  3.98387  6.2528  1
  1.73614  2.05977  1
  0.405533  0.00413718  1
  2.32684  3.34364  1
  3.89748  3.50267  1
  2.37181  2.67873  1
  4.15087  5.46499  1
  2.03882  0.710787  1
  2.77272  6.82886  1
  3.13965  1.90356  1
  2.45445  0.669412  1
  2.1403  0.785897  1
  0.981286  7.05796  1
  1.61288  8.07284  1
  0.784986  1.08979  1
  3.89081  6.34207  1
  1.23488  7.78811  1
  3.8115  3.13147  1
  3.21599  3.25336  1
  0.354124  6.66445  1
  1.11186  5.66326  1
  0.682669  7.70322  1
  0.31293  6.45785  1
  2.01089  1.56115  1
  3.45351  3.43196  1
  1.16243  0.326539  1
  2.29012  5.04637  1
  1.80567  -0.406182  1
  2.71394  5.79183  1
  2.73779  2.64679  1
  1.93176  4.04934  1
  2.96418  6.76067  1
  3.94822  1.19215  1
  1.69108  -0.657111  1
  2.69565  7.32308  1
  2.81184  3.23606  1
  2.65728  1.95012  1
  3.18792  4.68159  1
  1.28596  5.87822  1
  0.758903  0.282348  1
  2.17556  -0.783745  1
  1.13575  6.39958  1
  3.41417  5.66389  1
  3.37348  3.4893  1
  2.18389  6.02264  1
  2.52778  6.25592  1
  1.90543  6.90392  1
  3.00272  0.496138  1
  4.3716  5.37889  1
  2.19065  6.46815  1
  2.05225  1.33226  1
  0.188226  1.43004  1
  0.131328  6.64868  1
  3.80508  0.953712  1
  2.25835  2.55452  1
  0.719172  6.63291  1
  2.57093  6.71606  1
  3.03071  5.01955  1
  2.3934  6.23012  1
  2.30699  2.48566  1
  1.82547  4.48402  1
  2.26791  1.7106  1
  1.47479  1.12321  1
  0.839661  6.33793  1
  2.43958  3.04318  1
  3.08843  0.907624  1
  3.02865  2.00483  1
  2.4414  1.13427  1
  4.59225  3.612  1
  2.6218  1.45228  1
  3.94803  5.9291  1
  4.55037  2.99978  1
  1.19766  0.639914  1
  4.08283  1.6529  1
  0.869935  7.66034  1
  4.35014  1.20608  1
  1.13825  7.91866  1
  2.90281  3.99101  1
  2.81835  5.70349  1
  1.62639  5.50345  1
  0.145974  0.554346  1
  2.67185  7.3499  1
  1.65319  5.83156  1
  3.01769  0.332619  1
  4.05551  6.11859  1
  2.04307  1.9483  1
  0.835279  6.80934  1
  3.29765  5.34109  1
  3.14148  1.00588  1
  2.71091  -0.467146  1
  1.38329  1.39288  1
  1.56998  5.50994  1
  3.05618  2.8939  1
  0.27439  5.61348  1
  3.95722  5.06071  1
  0.578048  5.84876  1
  0.180104  7.28465  1
  3.5215  3.73597  1
  2.38436  1.46822  1
  2.70139  0.249033  1
  3.30042  4.09027  1
  0.190536  -0.490172  1
  2.48256  5.26842  1
  1.70211  6.48  1
  1.91625  4.24897  1
  3.16985  7.30461  1
  0.00536384  6.87298  1
  0.691309  7.47485  1
  2.29238  -0.792089  1
  2.22241  5.36196  1
  2.17517  -0.450558  1
  2.91081  3.45237  1
  2.21478  3.21855  1
  1.86059  5.60179  1
  3.38568  0.0906175  1
  0.382806  1.38885  1
  1.52619  -0.331745  1
  2.75324  -0.452959  1
  1.62905  7.21454  1
  0.214651  0.850408  1
  1.25382  6.54255  1
  0.745216  7.15376  1
  3.80291  3.76069  1
  0.370312  -0.504792  1
  1.45924  -1.23812  1
  2.47567  2.9674  1
  3.72441  2.89469  1
  1.12219  1.15202  1
  4.54401  2.14034  1
  1.70924  6.20636  1
  1.34397  7.49551  1
  3.41579  2.53644  1
  3.08107  0.876406  1
  2.90392  2.23355  1
  1.07009  -1.38069  1
  4.12965  2.06076  1
  0.77328  0.774384  1
  0.44696  1.0655  1
  2.98688  -0.155871  1
  2.17567  4.04763  1
  2.73539  0.178208  1
  4.65721  5.09981  1
  3.94098  3.64794  1
  0.68488  6.5816  1
  3.14813  0.0669555  1
  1.28014  7.00838  1
  1.98935  3.12262  1
  1.76664  -0.156282  1
  0.246184  -1.00277  1
  1.36051  5.31914  1
  3.25155  6.2034  1
  3.16943  0.805157  1
  4.49438  4.37611  1
  4.19082  5.53725  1
  3.23098  3.51202  1
  2.17514  2.94533  1
  0.307648  -0.460728  1
  2.90373  3.33284  1
  3.67152  5.84997  1
  3.51518  1.91983  1
  0.386715  5.9546  1
  0.276367  6.10476  1
  2.56814  1.23623  1
  3.78728  5.99242  1
  2.72696  2.97173  1
  0.833687  7.12239  1
  1.58184  2.00733  1
  2.53196  1.94338  1
  4.22397  3.09836  1
  2.30572  3.92213  1
  4.75047  2.15175  1
  2.61689  3.6301  1
  2.50645  0.0686413  1
  1.67989  7.64566  1
  2.77677  5.28504  1
  2.92342  4.1983  1
  3.06307  6.68174  1
  1.46178  5.22266  1
  1.23495  1.80167  1
  2.07638  0.074675  1
  1.05215  6.56814  1
  0.803872  -0.618489  1
  4.18751  3.03029  1
  4.03088  3.91447  1
  0.372683  -1.39078  1
  0.765241  1.5338  1
  2.33527  -0.0495992  1
  3.33912  -0.0593601  1
  3.5314  1.45443  1
  3.06633  1.90489  1
  1.80988  5.02763  1
  2.17788  -0.451246  1
  3.3325  2.25623  1
  3.84499  5.44003  1
  2.5802  7.33681  1
  3.05461  6.2828  1
  2.4695  4.63864  1
  1.30366  -0.476036  1
  0.47049  7.3884  1
  3.2997  7.22264  1
  4.27199  3.94654  1
  3.47105  5.81266  1
  3.86142  1.83011  1
  3.43337  1.7209  1
  1.34407  7.13736  1
  2.73472  0.0729471  1
  2.20781  2.65207  1
  2.0055  2.41494  1
  2.27292  -0.743198  1
  2.8626  2.64068  1
  0.998558  6.23819  1
  3.5534  2.01871  1
  1.00718  7.14847  1
  0.0109789  1.47203  1
  0.0449882  0.99595  1
  1.81808  5.74105  1
  1.99645  0.471666  1
  2.94198  3.10501  1
  2.41612  6.90381  1
  1.55362  -0.00988298  1
  0.699323  6.43986  1
  2.34751  3.28549  1
  1.46034  1.66525  1
  4.07298  1.58322  1
  2.7509  0.387672  1
  1.41253  1.62964  1
  2.03242  2.53261  1
  1.77672  0.513887  1
  3.61112  1.21563  1
  3.75468  1.96699  1
  3.58283  3.15118  1
  1.76892  5.94405  1
  2.06658  2.01384  1
  0.689109  5.45287  1
  0.639238  7.02779  1
  0.663929  1.4766  1
  0.957934  0.11252  1
  2.80795  3.35717  1
  2.87781  5.73401  1
  3.8127  0.536061  1
  0.993466  5.31906  1
  1.45441  1.29215  1
  3.4773  3.84969  1
  2.565  3.17785  1
  0.1324  7.10364  1
  3.64541  5.31811  1
  0.052086  7.43313  1
  4.16707  4.44526  1
  0.931994  7.49252  1
  2.87431  6.07802  1
  4.07435  4.24681  1
  1.99207  3.74028  1
  1.19939  0.697956  1
  1.11427  -0.795298  1
  2.00729  6.46868  1
  2.80177  -0.105241  1
