  -2.37038  2.88421  0
  -0.864889  2.55133  0
  -0.402694  2.32651  0
  -0.948599  4.1128  0
  -1.29787  -0.856203  0
  -2.43539  2.22854  0
  -0.911384  2.37364  0
  -1.41116  1.58801  0
  -3.68401  -0.227851  0
  -2.14987  1.10929  0
  0.809413  3.29143  0
  -0.303949  4.55505  0
  -1.24593  -0.116625  0
  -3.64648  0.452039  0
  -0.902478  3.10592  0
  -2.96041  -0.139368  0
  0.264501  -2.35109  0
  -0.487653  -4.06628  0
  -2.49594  2.12271  0
  -0.552254  -3.42285  0
  -0.632354  -1.7869  0
  0.0492993  -1.82844  0
  -1.35769  1.58854  0
  -3.01057  1.30864  0
  0.251241  -3.62614  0
  1.69218  7.56668  1
  2.22623  6.78792  1
  2.8633  7.11178  1
  0.535929  0.832597  1
  2.40911  4.51085  1
  2.11489  0.390204  1
  3.2243  5.31127  1
  1.14052  1.80085  1
  1.43496  0.268444  1
  2.35145  -0.53876  1
  3.60508  4.27856  1
  1.3273  6.90594  1
  2.38858  7.05845  1
  4.82059  4.67163  1
  1.15697  5.29116  1
  1.55183  1.6763  1
  2.21486  5.69747  1
  1.1259  7.51454  1
  3.7674  3.32423  1
  2.53001  5.93843  1
  3.79452  2.96456  1
  2.38197  7.84913  1
  3.18554  1.8802  1
  0.798817  0.71881  1
  0.44977  7.90492  1
