  -3.37136  -0.00834081  0
  0.450275  -2.52751  0
  -0.0356304  -3.915  0
  -1.06357  2.43913  0
  -0.477352  2.1439  0
  0.00575222  -1.86273  0
  -2.01639  -0.443733  0
  -0.740401  1.29435  0
  -0.378601  -1.68955  0
  -1.88254  -1.03443  0
  -0.702045  -1.74691  0
  -2.25497  -3.2492  0
  -0.833301  2.87399  0
  -0.860106  0.854925  0
  -2.44353  2.83396  0
  -2.40575  0.132058  0
  -2.56146  -2.62738  0
  -2.35757  1.81005  0
  -0.657889  3.70726  0
  -3.27971  0.739732  0
  -2.05858  -3.56812  0
  -2.57743  1.91433  0
  -0.940115  0.763077  0
  -0.00736594  2.94756  0
  -1.5334  -0.474463  0
  0.263918  3.90473  0
  0.951452  -3.60423  0
  0.178771  1.93336  0
  0.214382  -3.31785  0
  -1.24418  4.01827  0
  -0.154991  -2.95507  0
  -2.41564  3.43891  0
  -1.23437  -0.466744  0
  -1.92978  -2.77173  0
  -1.48139  -1.71601  0
  -2.5105  1.19547  0
  0.686837  -2.25436  0
  -0.87628  -1.67595  0
  -3.12592  -0.504308  0
  -0.0276426  -4.4486  0
  -0.33817  -2.10239  0
  -0.603946  -3.62346  0
  -0.841255  1.92127  0
  -0.904315  0.980816  0
  -2.13923  2.85103  0
  -3.06951  2.49926  0
  0.204124  -4.02263  0
  0.355163  -2.70849  0
  -3.56234  1.49215  0
  -3.65275  1.47559  0
  0.720779  4.75166  0
  -0.26154  -2.60377  0
  0.754556  2.50278  0
  0.78305  2.41478  0
  -0.42517  -1.80118  0
  -1.38776  2.81777  0
  0.545295  -2.43297  0
  -1.16813  -2.58669  0
  -1.0727  3.915  0
  -3.74884  0.977524  0
  -0.548876  -1.33877  0
  -0.455815  -2.50544  0
  -1.90322  2.49383  0
  0.817813  4.2723  0
  0.785792  3.75683  0
  0.593559  2.53886  0
  0.198522  -2.87094  0
  -0.872953  -1.88304  0
  -1.75565  -1.45389  0
  -2.47036  -1.84116  0
  -0.706662  -3.62116  0
  -1.28232  0.859119  0
  -2.22299  -1.48974  0
  -0.0186019  -2.49727  0
  0.848772  3.57901  0
  -1.84695  -2.83755  0
  -2.09611  0.653985  0
  -1.21903  -0.0718957  0
  0.93938  4.01708  0
  -1.97997  1.21861  0
  -0.301194  4.7473  0
  -1.72552  1.82489  0
  -3.10093  1.10449  0
  0.892038  -3.83335  0
  -2.39363  -3.13048  0
  -0.278487  -3.05465  0
  -0.403958  3.88379  0
  -0.360579  3.41597  0
  -1.47228  3.81578  0
  -2.07324  -1.49447  0
  -2.627  -1.56364  0
  -1.63943  -2.64863  0
  -2.68065  -0.669271  0
  -2.6485  0.894341  0
  -2.99145  -0.594408  0
  0.459386  2.10841  0
  -1.4013  -0.686504  0
  -2.96201  0.651273  0
  -1.07915  -0.317263  0
  -2.87579  -0.956139  0
  3.36542  3.52717  1
  3.1846  3.67051  1
  2.25958  3.59432  1
  1.00871  5.56535  1
  1.58727  0.223206  1
  1.6772  7.44512  1
  2.84003  4.48035  1
  1.9906  2.88987  1
  2.42534  0.532879  1
  4.5401  5.56278  1
  1.14781  0.457356  1
  0.606782  1.57649  1
  4.16049  5.76679  1
  1.97194  -0.625787  1
  2.9973  3.41802  1
  0.419273  7.8173  1
  0.15298  6.64479  1
  3.70893  5.79373  1
  1.89405  6.43564  1
  3.40367  5.44529  1
  3.09963  -0.208558  1
  4.31682  2.581  1
  2.60605  1.74082  1
  1.79244  5.77399  1
  0.202369  5.82658  1
  1.08654  1.56893  1
  0.0219344  1.19996  1
  2.74477  0.759518  1
  1.67896  5.7532  1
  2.94787  1.01112  1
  3.11578  0.501506  1
  3.5174  1.96434  1
  2.84801  2.50787  1
  4.50297  1.978  1
  3.17022  0.328136  1
  0.847986  -0.0928138  1
  4.21657  4.60985  1
  0.372124  7.45943  1
  0.465201  5.79717  1
  0.203733  0.571517  1
  2.34764  2.96949  1
  1.51747  6.25003  1
  0.802464  6.23059  1
  2.46551  3.51202  1
  1.97084  -0.675311  1
  1.45642  -1.04222  1
  2.02942  2.5673  1
  1.43738  -1.22426  1
  0.862616  -0.419856  1
  0.492025  1.17148  1
  1.4134  1.8016  1
  1.42023  8.14355  1
  3.46966  4.0296  1
  3.70106  1.95038  1
  2.70334  4.7952  1
  4.68627  3.41969  1
  2.74426  6.34307  1
  3.46601  4.59748  1
  0.59623  -0.0763648  1
  2.7004  -0.07924  1
  3.47194  2.16484  1
  1.92309  -0.9252  1
  1.40976  1.60893  1
  3.6738  1.31241  1
  2.92843  3.73798  1
  0.343632  0.604873  1
  0.84323  0.790088  1
  3.48787  3.89369  1
  3.06161  2.08358  1
  2.18015  -0.91529  1
  4.42059  4.91155  1
  1.95735  2.63727  1
  1.55948  7.43527  1
  1.75853  1.86067  1
  4.68964  2.01671  1
  1.22113  1.45687  1
  0.619246  6.866  1
  1.66677  5.45225  1
  0.688176  0.547098  1
  2.11925  2.3289  1
  1.74216  1.26825  1
  2.9426  2.64016  1
  1.79944  5.75823  1
  3.74657  1.11758  1
  0.19942  7.34173  1
  4.50481  4.28582  1
  0.800561  1.37192  1
  2.38006  3.76029  1
  2.63793  4.30215  1
  3.60991  1.55753  1
  2.41324  0.640997  1
  4.50367  3.62572  1
  1.25797  1.59897  1
  0.978798  1.08108  1
  1.6844  5.62056  1
  0.0456562  0.583093  1
  0.985152  1.75015  1
  2.68413  5.68988  1
  4.30954  2.29976  1
  1.14021  0.598732  1
