  0.417797  -3.26511  0
  -0.696478  1.86411  0
  -1.66832  -2.0543  0
  -2.81406  2.35883  0
  -2.51761  -3.14163  0
  -2.29273  -0.409527  0
  -2.16375  1.34718  0
  -1.68534  -0.837229  0
  -2.26795  0.284096  0
  -3.39856  -0.618973  0
  0.758323  2.12474  0
  -0.607091  2.35571  0
  -1.63381  2.11971  0
  -0.844396  3.50601  0
  -0.609496  2.1306  0
  -3.33234  -1.0907  0
  -0.682227  -4.04565  0
  -0.775895  -1.39734  0
  -2.69324  2.10569  0
  -1.78645  -2.9781  0
  0.909744  4.58577  0
  0.172779  2.42914  0
  0.751488  2.47914  0
  -1.25436  2.56184  0
  -1.03728  -2.43472  0
  0.478412  -4.81804  0
  -0.600056  1.32348  0
  -2.37197  -2.48786  0
  -2.66844  -1.33205  0
  0.351123  -4.19511  0
  0.146044  -1.87443  0
  -1.29153  3.6113  0
  0.854883  -2.4932  0
  -0.744219  1.13379  0
  -0.732775  -2.48155  0
  0.230707  2.10608  0
  0.825733  3.21536  0
  -0.780537  -1.81362  0
  -1.02112  -0.752892  0
  -0.36679  -1.97421  0
  -2.37581  3.08977  0
  -0.136456  2.87531  0
  -1.27053  1.84732  0
  -2.17197  -1.94115  0
  -2.49873  0.355782  0
  -0.598175  -3.66192  0
  -0.835216  -3.02688  0
  -0.728482  -3.51615  0
  -0.4534  2.88937  0
  -0.498306  1.48368  0
  -1.71643  3.30807  0
  -1.21223  -0.416796  0
  -2.39869  -3.03972  0
  -1.6058  3.71709  0
  0.186337  -3.10467  0
  -1.76973  -1.13765  0
  -2.36922  -1.81996  0
  -2.90908  2.69609  0
  -3.13728  -0.415216  0
  -1.49326  0.242872  0
  0.62922  2.83921  0
  -1.18998  -0.417062  0
  -1.38886  -2.90303  0
  -1.10589  -3.69342  0
  -1.29543  -3.9  0
  -1.63969  0.355868  0
  -1.02927  0.369041  0
  -2.63353  0.392261  0
  -2.18749  -0.237041  0
  -0.383197  3.88716  0
  -0.244971  -3.90475  0
  0.948968  -4.82417  0
  0.0134573  2.38914  0
  -0.256059  -4.25  0
  -1.75006  0.424479  0
  -0.791905  -2.52635  0
  -1.61964  -0.458986  0
  -0.687066  2.76361  0
  -1.11145  -0.762994  0
  -0.219607  3.22637  0
  -2.33711  3.15979  0
  0.704389  -3.84307  0
  -2.32719  3.06814  0
  0.742169  -2.90672  0
  -0.452007  1.9081  0
  0.143075  -3.44108  0
  -3.02541  1.90376  0
  -0.632881  4.63523  0
  -1.07386  -1.55806  0
  -0.984097  -2.89156  0
  -2.01489  0.14754  0
  -0.0366994  4.04592  0
  -2.98771  -1.49377  0
  -2.50251  -2.09957  0
  -2.27723  3.43634  0
  -1.89628  0.989611  0
  -0.346961  -3.71477  0
  -0.572419  -2.34425  0
  -1.98968  -1.71207  0
  -1.25113  4.18386  0
  2.14833  2.83442  1
  2.39711  5.03978  1
  4.06052  5.46762  1
  0.560107  1.30214  1
  3.94105  2.88216  1
  2.25315  3.99412  1
  1.06624  0.614538  1
  3.82438  4.94023  1
  1.73576  6.66522  1
  0.616646  5.79722  1
  4.14099  4.5177  1
  2.17717  2.76443  1
  3.414  6.03761  1
  2.42262  2.40859  1
  0.334691  0.77292  1
  4.10715  2.19097  1
  1.21518  1.41965  1
  4.19169  2.32598  1
  0.620432  5.45199  1
  4.52002  5.63683  1
  2.09591  4.24129  1
  2.49212  3.57133  1
  4.48686  3.41344  1
  3.03702  6.1372  1
  3.32635  4.10713  1
  1.92804  4.72499  1
  0.0949853  5.81937  1
  2.25679  2.24971  1
  0.430835  -0.0311703  1
  0.307765  -1.26053  1
  4.39197  2.72615  1
  0.143533  6.21612  1
  4.51402  3.73118  1
  2.79053  3.73967  1
  4.02777  6.32741  1
  1.22509  0.600252  1
  1.46664  7.00101  1
  0.65478  -0.707621  1
  1.57055  5.00494  1
  2.06701  3.43304  1
  4.31559  2.06136  1
  3.76505  2.02901  1
  4.46609  2.28493  1
  0.0535507  6.11747  1
  0.436407  8.08493  1
  3.55415  5.80854  1
  4.35551  5.38273  1
  1.19854  -0.48777  1
  2.40587  5.09976  1
  0.346448  -0.601775  1
  0.119424  5.68385  1
  1.98397  5.73082  1
  2.39062  4.80451  1
  3.04803  4.51852  1
  1.23702  -1.29482  1
  1.20316  1.74266  1
  3.25708  6.41026  1
  2.79217  3.37567  1
  1.67257  1.26312  1
  1.35935  0.14799  1
  0.584444  -1.33008  1
  2.29167  7.66516  1
  0.716991  6.40755  1
  2.34605  0.0520313  1
  2.87604  -0.368659  1
  0.129184  -0.948565  1
  2.73669  3.22952  1
  2.10581  4.84141  1
  3.13855  5.501  1
  0.898531  1.03432  1
  1.01968  6.70673  1
  2.66869  -0.00806044  1
  2.56919  5.63372  1
  3.49637  0.623303  1
  2.11818  6.10445  1
  3.12626  6.84285  1
  4.18817  2.38951  1
  0.654349  6.8377  1
  3.14983  2.72855  1
  0.0333244  5.59396  1
  2.90553  6.01069  1
  3.09431  0.182574  1
  0.148651  0.499814  1
  3.70212  0.772161  1
  3.0359  3.26883  1
  2.51826  6.28578  1
  0.310843  7.13491  1
  2.90922  4.22911  1
  1.86205  1.34007  1
  1.42395  8.1553  1
  0.692807  -0.0772192  1
  2.00371  4.49096  1
  1.2746  5.4214  1
  4.35015  3.95523  1
  0.722953  0.427319  1
  3.70707  1.62394  1
  3.91866  4.01375  1
  0.661481  6.74104  1
  0.920919  1.36083  1
  4.10081  2.32528  1
  1.65739  1.66022  1
  2.58573  5.74356  1
  2.663  3.78051  1
  2.94153  4.3524  1
  2.48878  6.71506  1
  3.30972  5.9226  1
  2.84837  2.91089  1
  1.33218  -0.0864311  1
  2.44571  -0.271323  1
  3.7972  4.63029  1
  0.0924251  -0.315407  1
  2.59268  5.71649  1
  3.66257  4.22784  1
  3.48927  4.8627  1
  1.41796  5.10878  1
  0.905808  5.47886  1
  2.05816  1.14494  1
  1.41222  6.54282  1
  0.909519  0.137218  1
  2.8212  4.87963  1
  2.25507  2.62107  1
  1.52239  1.10928  1
  3.146  5.37106  1
  0.934641  6.76755  1
  4.9458  4.18016  1
  4.02381  1.90851  1
  4.05246  4.73031  1
  3.52968  3.64956  1
  1.50532  6.99272  1
  0.358697  8.35359  1
  3.70618  5.63825  1
  3.60561  4.11208  1
  2.85315  1.44886  1
  0.462007  7.25284  1
  0.409293  0.663278  1
  2.41041  6.96809  1
  1.60381  5.68277  1
  1.46093  5.03233  1
  3.32998  4.60541  1
  1.85937  5.77646  1
  4.45979  4.11569  1
  2.18785  5.58371  1
  0.534133  0.567516  1
  1.40274  1.15394  1
  3.93689  4.67317  1
  4.44956  3.15544  1
  1.62649  6.88238  1
  0.872701  6.17081  1
  3.90581  1.80522  1
  3.53841  1.89654  1
  3.74951  0.414742  1
  0.322612  6.18226  1
  1.60635  0.512271  1
  3.64732  4.24719  1
  3.01229  0.661039  1
  2.28134  2.02086  1
  3.52362  5.04349  1
  2.86763  1.43429  1
  2.38931  2.74245  1
  2.85605  1.47104  1
  4.13608  1.65017  1
  0.84009  6.49875  1
  3.2851  1.89578  1
  2.46692  1.36501  1
  3.06984  1.98903  1
  0.288804  7.11608  1
  1.48503  1.76422  1
  2.24928  5.14168  1
  2.56858  2.66643  1
  2.02259  3.96512  1
  3.64722  1.12123  1
  4.12031  4.04808  1
  4.26424  1.97571  1
  3.8284  0.51134  1
  0.569852  1.33046  1
  2.27497  2.60042  1
  2.65588  1.39218  1
  1.13863  6.35069  1
  1.55235  5.54821  1
  0.257271  5.55493  1
  2.41627  3.43863  1
  4.41889  3.83276  1
  2.71716  1.94917  1
  1.66221  5.65365  1
  2.86932  6.53153  1
  2.54397  2.63394  1
  2.97623  4.64467  1
  2.89537  7.38008  1
  3.34728  4.16627  1
  3.38653  2.9313  1
  2.00916  4.11891  1
  4.76664  4.95874  1
  3.47788  6.91656  1
  0.214027  7.03838  1
  1.75616  7.13417  1
  0.125021  6.44372  1
  3.09976  5.95285  1
  1.42544  6.10941  1
  0.65223  1.60055  1
  3.63185  3.71734  1
  2.43516  0.952416  1
  1.31738  1.71275  1
  2.15585  4.08727  1
  3.83705  1.11871  1
  4.41504  3.98462  1
  3.77607  4.8209  1
  0.704726  0.649057  1
  0.00328173  1.21047  1
  2.2146  3.77952  1
  0.291761  6.89365  1
  3.19533  1.89291  1
  1.1142  -0.115027  1
  3.37101  5.78442  1
  1.28812  0.56914  1
  2.18309  4.42793  1
  1.73688  4.85656  1
  1.56431  2.05799  1
  0.637808  7.66625  1
  3.15743  1.80044  1
  3.7812  3.81125  1
  1.05239  -0.191858  1
  0.0634532  6.8233  1
  1.97485  2.38383  1
  3.28438  4.94799  1
  4.31469  4.81053  1
  2.77319  3.89333  1
  3.63086  6.12225  1
  2.86633  4.96894  1
  3.90091  6.28418  1
  1.05654  0.096051  1
  3.90355  5.56696  1
  0.589703  -0.396284  1
  2.37387  3.45501  1
  3.35962  1.85023  1
  0.54538  6.19083  1
  2.3507  6.09677  1
  1.49895  -1.07351  1
  0.0986777  -1.03349  1
  2.90974  5.32942  1
  4.18673  5.04396  1
  1.80899  2.0562  1
  1.66682  2.16292  1
  2.59937  1.24875  1
  0.779384  0.739433  1
  2.60444  2.89557  1
  1.89436  5.91012  1
  4.05279  1.65292  1
  2.88072  1.64103  1
  1.20623  5.63002  1
  0.907217  5.35062  1
  2.63467  5.83468  1
  1.40573  0.0598746  1
  4.14914  3.52577  1
  1.94127  1.43122  1
  1.41987  6.99245  1
  3.66355  3.84788  1
  3.80485  4.08111  1
  4.16056  3.13854  1
  0.576077  -1.41005  1
  2.40466  1.32112  1
  2.83003  1.95775  1
  0.61896  7.91909  1
  0.185423  7.6235  1
  1.74948  4.92935  1
  2.46001  7.09149  1
  3.5227  4.96842  1
  2.64549  3.86792  1
  1.25389  1.76307  1
  2.94838  7.04897  1
  2.36016  3.20041  1
  0.661636  6.44913  1
  1.95211  5.24007  1
  2.91855  5.30317  1
  2.10756  4.33648  1
  4.63713  2.35172  1
  0.222261  1.4091  1
  4.51431  3.77873  1
  1.92101  -0.485129  1
  2.6319  4.55348  1
  4.2064  5.57754  1
  2.2152  1.74132  1
  2.75576  4.48561  1
  0.149826  1.06124  1
  3.31604  6.62926  1
  2.0058  4.70236  1
  2.04348  3.03439  1
  0.362163  6.4055  1
  1.4114  5.68899  1
  0.00146211  1.0594  1
  0.947212  0.451658  1
  0.733035  7.39484  1
  3.64518  6.35266  1
  1.76642  5.1354  1
  4.82211  4.38485  1
  1.78362  -0.0349866  1
  2.10724  7.65996  1
  0.556298  7.58419  1
  4.32088  4.90879  1
  4.51636  3.51435  1
  2.02191  4.42457  1
  1.29157  5.17056  1
  4.56493  5.46033  1
  3.06162  4.16294  1
  0.687302  -0.737646  1
  0.808878  8.37359  1
  0.199796  6.51717  1
  3.46263  1.56424  1
  2.68736  6.55559  1
  2.88043  6.677  1
  0.542904  5.54052  1
  2.0836  4.33111  1
  0.785942  -0.674424  1
  2.47268  3.09534  1
  1.88205  5.62459  1
  1.09163  0.608675  1
  3.22777  5.85602  1
  2.91436  5.18707  1
  3.10226  4.9064  1
  4.18775  5.65908  1
  0.346217  1.34365  1
  2.60593  2.57124  1
  1.55623  -0.510929  1
  2.51537  4.46312  1
  1.97052  2.63313  1
  3.35928  0.821519  1
  1.95963  4.71209  1
  2.25798  4.46807  1
  2.97404  2.07887  1
  4.27211  4.05465  1
  3.03362  2.19948  1
  0.755806  -0.848814  1
  0.569639  1.19486  1
  3.66687  1.6  1
  0.0668911  -1.21946  1
  2.4813  6.35653  1
  0.920038  6.31629  1
  0.210171  0.255763  1
  0.965252  -1.30597  1
  0.73236  0.400684  1
  1.85346  5.16078  1
  1.12547  1.78944  1
  2.84934  6.91686  1
  3.46289  0.0643885  1
  3.55415  0.0351601  1
  1.30301  0.927688  1
  3.01913  3.43698  1
  1.42104  -0.409611  1
  1.31727  5.44304  1
  4.93667  2.90795  1
  0.527622  -0.694934  1
  0.00943249  6.6058  1
  2.21369  2.07932  1
  3.08933  3.13145  1
  2.15636  1.72087  1
  2.04801  0.750286  1
  1.30988  -0.35578  1
  3.98249  1.97633  1
  2.17426  2.28379  1
  0.424184  0.89411  1
  1.51999  6.26423  1
  1.532  -0.565509  1
  4.29562  2.75748  1
  2.7864  3.34164  1
  2.36485  3.17694  1
  0.494824  -0.563921  1
  1.66998  -0.93792  1
  0.0482133  5.97319  1
  2.94175  0.499101  1
  0.9295  1.43984  1
  3.46503  2.65842  1
  3.02015  2.46761  1
  0.769005  -0.400469  1
  3.21056  5.65714  1
  3.78527  4.10466  1
  2.20145  3.49566  1
  0.996011  7.73757  1
  2.49955  1.76955  1
  2.85469  1.14574  1
  0.672861  7.71811  1
  1.70377  8.15093  1
  2.83306  4.78387  1
  1.97294  0.438846  1
  3.7179  4.28117  1
  2.78793  5.21633  1
  1.398  1.25017  1
  2.96938  7.10118  1
  0.426236  7.03915  1
  2.64805  7.36865  1
  2.70711  4.78518  1
  2.77897  6.90214  1
  2.82933  3.03323  1
  4.00461  1.67922  1
  0.137733  5.67882  1
  3.61631  1.69992  1
  2.04281  1.44231  1
  3.71694  4.61313  1
  1.00321  1.28409  1
  3.5093  4.85105  1
  4.20687  3.04029  1
  0.949233  7.21821  1
