Wed Oct  8 08:28:32 2025

mortality_test():
  python version: 3.10.12
  numpy version:  1.26.4
  Test mortality().
  Graphics saved as "mortality_cdf.png"

mortality_count_plot():
  mortality_count_plot() plots mortality counts.
  Graphics saved as "mortality_count.png"
  Graphics saved as "mortality_expected.png"
  Graphics saved as "mortality_pdf.png"

mortality_plus10_plot():
  Plot the probability of living at least 10 more years.
  Graphics saved as "mortality_plus10.png"

mortality_table():
  Create a mortality table

  COMBINED STATISTICS = Male + Female
  Average life span =  72.83751184749056

    Bracket  Pop       Deaths      PDF       CDF   This Year

  [  0:  1]  2423509    29138    0.0120    0.0120    0.0120
  [  1:  2]  2394371     1940    0.0008    0.0128    0.0008
  [  2:  3]  2392431     1178    0.0005    0.0133    0.0005
  [  3:  4]  2391253      882    0.0004    0.0137    0.0004
  [  4:  5]  2390371      703    0.0003    0.0140    0.0003
  [  5:  6]  2389668      595    0.0002    0.0142    0.0002
  [  6:  7]  2389073      570    0.0002    0.0144    0.0002
  [  7:  8]  2388503      528    0.0002    0.0147    0.0002
  [  8:  9]  2387975      511    0.0002    0.0149    0.0002
  [  9: 10]  2387464      507    0.0002    0.0151    0.0002
  [ 10: 11]  2386957      551    0.0002    0.0153    0.0002
  [ 11: 12]  2386406      535    0.0002    0.0155    0.0002
  [ 12: 13]  2385871      590    0.0002    0.0158    0.0002
  [ 13: 14]  2385281      781    0.0003    0.0161    0.0003
  [ 14: 15]  2384500      979    0.0004    0.0165    0.0004
  [ 15: 16]  2383521     1372    0.0006    0.0171    0.0006
  [ 16: 17]  2382149     2009    0.0008    0.0179    0.0008
  [ 17: 18]  2380140     2593    0.0011    0.0190    0.0011
  [ 18: 19]  2377547     3504    0.0014    0.0204    0.0015
  [ 19: 20]  2374043     3821    0.0016    0.0220    0.0016
  [ 20: 21]  2370222     3769    0.0016    0.0235    0.0016
  [ 21: 22]  2366453     4187    0.0017    0.0253    0.0018
  [ 22: 23]  2362266     4309    0.0018    0.0270    0.0018
  [ 23: 24]  2357957     4113    0.0017    0.0287    0.0017
  [ 24: 25]  2353844     4305    0.0018    0.0305    0.0018
  [ 25: 26]  2349539     4129    0.0017    0.0322    0.0018
  [ 26: 27]  2345410     4233    0.0017    0.0340    0.0018
  [ 27: 28]  2341177     4226    0.0017    0.0357    0.0018
  [ 28: 29]  2336951     4160    0.0017    0.0374    0.0018
  [ 29: 30]  2332791     4183    0.0017    0.0392    0.0018
  [ 30: 31]  2328608     4117    0.0017    0.0409    0.0018
  [ 31: 32]  2324491     4102    0.0017    0.0425    0.0018
  [ 32: 33]  2320389     4263    0.0018    0.0443    0.0018
  [ 33: 34]  2316126     4339    0.0018    0.0461    0.0019
  [ 34: 35]  2311787     4820    0.0020    0.0481    0.0021
  [ 35: 36]  2306967     5309    0.0022    0.0503    0.0023
  [ 36: 37]  2301658     5837    0.0024    0.0527    0.0025
  [ 37: 38]  2295821     6255    0.0026    0.0553    0.0027
  [ 38: 39]  2289566     6598    0.0027    0.0580    0.0029
  [ 39: 40]  2282968     6882    0.0028    0.0608    0.0030
  [ 40: 41]  2276086     7607    0.0031    0.0640    0.0033
  [ 41: 42]  2268479     8475    0.0035    0.0675    0.0037
  [ 42: 43]  2260004     9546    0.0039    0.0714    0.0042
  [ 43: 44]  2250458    10932    0.0045    0.0759    0.0049
  [ 44: 45]  2239526    12165    0.0050    0.0809    0.0054
  [ 45: 46]  2227361    13071    0.0054    0.0863    0.0059
  [ 46: 47]  2214290    14477    0.0060    0.0923    0.0065
  [ 47: 48]  2199813    15643    0.0065    0.0988    0.0071
  [ 48: 49]  2184170    16708    0.0069    0.1057    0.0076
  [ 49: 50]  2167462    17839    0.0074    0.1130    0.0082
  [ 50: 51]  2149623    19360    0.0080    0.1210    0.0090
  [ 51: 52]  2130263    20623    0.0085    0.1295    0.0097
  [ 52: 53]  2109640    21352    0.0088    0.1383    0.0101
  [ 53: 54]  2088288    22451    0.0093    0.1476    0.0108
  [ 54: 55]  2065837    23162    0.0096    0.1571    0.0112
  [ 55: 56]  2042675    24254    0.0100    0.1671    0.0119
  [ 56: 57]  2018421    24955    0.0103    0.1774    0.0124
  [ 57: 58]  1993466    26279    0.0108    0.1883    0.0132
  [ 58: 59]  1967187    27504    0.0113    0.1996    0.0140
  [ 59: 60]  1939683    29466    0.0122    0.2118    0.0152
  [ 60: 61]  1910217    32041    0.0132    0.2250    0.0168
  [ 61: 62]  1878176    27403    0.0113    0.2363    0.0146
  [ 62: 63]  1850773    28804    0.0119    0.2482    0.0156
  [ 63: 64]  1821969    31648    0.0131    0.2613    0.0174
  [ 64: 65]  1790321    34756    0.0143    0.2756    0.0194
  [ 65: 66]  1755565    33801    0.0139    0.2896    0.0193
  [ 66: 67]  1721764    33496    0.0138    0.3034    0.0195
  [ 67: 68]  1688268    34281    0.0141    0.3175    0.0203
  [ 68: 69]  1653987    35602    0.0147    0.3322    0.0215
  [ 69: 70]  1618385    37811    0.0156    0.3478    0.0234
  [ 70: 71]  1580574    38341    0.0158    0.3636    0.0243
  [ 71: 72]  1542233    40687    0.0168    0.3804    0.0264
  [ 72: 73]  1501546    43613    0.0180    0.3984    0.0290
  [ 73: 74]  1457933    44334    0.0183    0.4167    0.0304
  [ 74: 75]  1413599    47272    0.0195    0.4362    0.0334
  [ 75: 76]  1366327    51055    0.0211    0.4573    0.0374
  [ 76: 77]  1315272    54369    0.0224    0.4797    0.0413
  [ 77: 78]  1260903    58251    0.0240    0.5038    0.0462
  [ 78: 79]  1202652    60579    0.0250    0.5288    0.0504
  [ 79: 80]  1142073    64775    0.0267    0.5555    0.0567
  [ 80: 81]  1077298    67786    0.0280    0.5835    0.0629
  [ 81: 82]  1009512    70562    0.0291    0.6126    0.0699
  [ 82: 83]   938950    73985    0.0305    0.6431    0.0788
  [ 83: 84]   864965    75459    0.0311    0.6742    0.0872
  [ 84: 85]   789506    75861    0.0313    0.7055    0.0961
  [ 85: 86]   713645    77832    0.0321    0.7376    0.1091
  [ 86: 87]   635813    77066    0.0318    0.7694    0.1212
  [ 87: 88]   558747    73003    0.0301    0.7996    0.1307
  [ 88: 89]   485744    66968    0.0276    0.8272    0.1379
  [ 89: 90]   418776    64355    0.0266    0.8538    0.1537
  [ 90: 91]   354421    58928    0.0243    0.8781    0.1663
  [ 91: 92]   295493    54036    0.0223    0.9004    0.1829
  [ 92: 93]   241457    48749    0.0201    0.9205    0.2019
  [ 93: 94]   192708    42448    0.0175    0.9380    0.2203
  [ 94: 95]   150260    36019    0.0149    0.9529    0.2397
  [ 95: 96]   114241    29592    0.0122    0.9651    0.2590
  [ 96: 97]    84649    22912    0.0095    0.9745    0.2707
  [ 97: 98]    61737    18237    0.0075    0.9821    0.2954
  [ 98: 99]    43500    13730    0.0057    0.9877    0.3156
  [ 99:100]    29770    10006    0.0041    0.9918    0.3361
  [100:101]    19764     6952    0.0029    0.9947    0.3518
  [101:102]    12812     4868    0.0020    0.9967    0.3800
  [102:103]     7944     3105    0.0013    0.9980    0.3909
  [103:104]     4839     1995    0.0008    0.9988    0.4123
  [104:105]     2844     1222    0.0005    0.9993    0.4297
  [105:106]     1622      747    0.0003    0.9996    0.4605
  [106:107]      875      411    0.0002    0.9998    0.4697
  [107:108]      464      227    0.0001    0.9999    0.4892
  [108:109]      237      114    0.0000    0.9999    0.4810
  [109:110]      123       63    0.0000    1.0000    0.5122
  [110:111]       60       29    0.0000    1.0000    0.4833
  [111:112]       31       17    0.0000    1.0000    0.5484
  [112:113]       14        9    0.0000    1.0000    0.6429
  [113:114]        5        4    0.0000    1.0000    0.8000
  [114:115]        1        1    0.0000    1.0000    1.0000

  MALE STATISTICS
  Average life span =  69.10311576890744

    Bracket  Pop       Deaths      PDF       CDF   This Year

  [  0:  1]  1203812    16293    0.0135    0.0135    0.0135
  [  1:  2]  1187519     1056    0.0009    0.0144    0.0009
  [  2:  3]  1186463      665    0.0006    0.0150    0.0006
  [  3:  4]  1185798      501    0.0004    0.0154    0.0004
  [  4:  5]  1185297      412    0.0003    0.0157    0.0003
  [  5:  6]  1184885      345    0.0003    0.0160    0.0003
  [  6:  7]  1184540      314    0.0003    0.0163    0.0003
  [  7:  8]  1184226      297    0.0002    0.0165    0.0003
  [  8:  9]  1183929      281    0.0002    0.0168    0.0002
  [  9: 10]  1183648      282    0.0002    0.0170    0.0002
  [ 10: 11]  1183366      307    0.0003    0.0172    0.0003
  [ 11: 12]  1183059      323    0.0003    0.0175    0.0003
  [ 12: 13]  1182736      347    0.0003    0.0178    0.0003
  [ 13: 14]  1182389      462    0.0004    0.0182    0.0004
  [ 14: 15]  1181927      627    0.0005    0.0187    0.0005
  [ 15: 16]  1181300      903    0.0008    0.0195    0.0008
  [ 16: 17]  1180397     1337    0.0011    0.0206    0.0011
  [ 17: 18]  1179060     1847    0.0015    0.0221    0.0016
  [ 18: 19]  1177213     2576    0.0021    0.0242    0.0022
  [ 19: 20]  1174637     2895    0.0024    0.0266    0.0025
  [ 20: 21]  1171742     2865    0.0024    0.0290    0.0024
  [ 21: 22]  1168877     3183    0.0026    0.0317    0.0027
  [ 22: 23]  1165694     3335    0.0028    0.0344    0.0029
  [ 23: 24]  1162359     3109    0.0026    0.0370    0.0027
  [ 24: 25]  1159250     3266    0.0027    0.0397    0.0028
  [ 25: 26]  1155984     3074    0.0026    0.0423    0.0027
  [ 26: 27]  1152910     3062    0.0025    0.0448    0.0027
  [ 27: 28]  1149848     3081    0.0026    0.0474    0.0027
  [ 28: 29]  1146767     2970    0.0025    0.0499    0.0026
  [ 29: 30]  1143797     2920    0.0024    0.0523    0.0026
  [ 30: 31]  1140877     2895    0.0024    0.0547    0.0025
  [ 31: 32]  1137982     2820    0.0023    0.0570    0.0025
  [ 32: 33]  1135162     2853    0.0024    0.0594    0.0025
  [ 33: 34]  1132309     2928    0.0024    0.0618    0.0026
  [ 34: 35]  1129381     3189    0.0026    0.0645    0.0028
  [ 35: 36]  1126192     3420    0.0028    0.0673    0.0030
  [ 36: 37]  1122772     3778    0.0031    0.0705    0.0034
  [ 37: 38]  1118994     4066    0.0034    0.0738    0.0036
  [ 38: 39]  1114928     4181    0.0035    0.0773    0.0038
  [ 39: 40]  1110747     4310    0.0036    0.0809    0.0039
  [ 40: 41]  1106437     4707    0.0039    0.0848    0.0043
  [ 41: 42]  1101730     5326    0.0044    0.0892    0.0048
  [ 42: 43]  1096404     6006    0.0050    0.0942    0.0055
  [ 43: 44]  1090398     6773    0.0056    0.0998    0.0062
  [ 44: 45]  1083625     7538    0.0063    0.1061    0.0070
  [ 45: 46]  1076087     8145    0.0068    0.1129    0.0076
  [ 46: 47]  1067942     8975    0.0075    0.1203    0.0084
  [ 47: 48]  1058967     9494    0.0079    0.1282    0.0090
  [ 48: 49]  1049473    10187    0.0085    0.1367    0.0097
  [ 49: 50]  1039286    11103    0.0092    0.1459    0.0107
  [ 50: 51]  1028183    11935    0.0099    0.1558    0.0116
  [ 51: 52]  1016248    12752    0.0106    0.1664    0.0125
  [ 52: 53]  1003496    13327    0.0111    0.1775    0.0133
  [ 53: 54]   990169    14169    0.0118    0.1892    0.0143
  [ 54: 55]   976000    14369    0.0119    0.2012    0.0147
  [ 55: 56]   961631    15224    0.0126    0.2138    0.0158
  [ 56: 57]   946407    15509    0.0129    0.2267    0.0164
  [ 57: 58]   930898    16272    0.0135    0.2402    0.0175
  [ 58: 59]   914626    16828    0.0140    0.2542    0.0184
  [ 59: 60]   897798    17757    0.0148    0.2690    0.0198
  [ 60: 61]   880041    19256    0.0160    0.2850    0.0219
  [ 61: 62]   860785    16407    0.0136    0.2986    0.0191
  [ 62: 63]   844378    17045    0.0142    0.3127    0.0202
  [ 63: 64]   827333    18821    0.0156    0.3284    0.0227
  [ 64: 65]   808512    20499    0.0170    0.3454    0.0254
  [ 65: 66]   788013    19641    0.0163    0.3617    0.0249
  [ 66: 67]   768372    19431    0.0161    0.3779    0.0253
  [ 67: 68]   748941    19643    0.0163    0.3942    0.0262
  [ 68: 69]   729298    20371    0.0169    0.4111    0.0279
  [ 69: 70]   708927    21406    0.0178    0.4289    0.0302
  [ 70: 71]   687521    21522    0.0179    0.4468    0.0313
  [ 71: 72]   665999    22715    0.0189    0.4656    0.0341
  [ 72: 73]   643284    23861    0.0198    0.4854    0.0371
  [ 73: 74]   619423    24272    0.0202    0.5056    0.0392
  [ 74: 75]   595151    25482    0.0212    0.5268    0.0428
  [ 75: 76]   569669    27202    0.0226    0.5494    0.0478
  [ 76: 77]   542467    28631    0.0238    0.5732    0.0528
  [ 77: 78]   513836    30303    0.0252    0.5983    0.0590
  [ 78: 79]   483533    30986    0.0257    0.6241    0.0641
  [ 79: 80]   452547    32547    0.0270    0.6511    0.0719
  [ 80: 81]   420000    33696    0.0280    0.6791    0.0802
  [ 81: 82]   386304    34094    0.0283    0.7074    0.0883
  [ 82: 83]   352210    34585    0.0287    0.7362    0.0982
  [ 83: 84]   317625    34565    0.0287    0.7649    0.1088
  [ 84: 85]   283060    34194    0.0284    0.7933    0.1208
  [ 85: 86]   248866    33889    0.0282    0.8214    0.1362
  [ 86: 87]   214977    32478    0.0270    0.8484    0.1511
  [ 87: 88]   182499    29683    0.0247    0.8731    0.1626
  [ 88: 89]   152816    25889    0.0215    0.8946    0.1694
  [ 89: 90]   126927    24175    0.0201    0.9146    0.1905
  [ 90: 91]   102752    21012    0.0175    0.9321    0.2045
  [ 91: 92]    81740    18120    0.0151    0.9472    0.2217
  [ 92: 93]    63620    15483    0.0129    0.9600    0.2434
  [ 93: 94]    48137    12787    0.0106    0.9706    0.2656
  [ 94: 95]    35350    10075    0.0084    0.9790    0.2850
  [ 95: 96]    25275     7834    0.0065    0.9855    0.3100
  [ 96: 97]    17441     5445    0.0045    0.9900    0.3122
  [ 97: 98]    11996     4072    0.0034    0.9934    0.3394
  [ 98: 99]     7924     2812    0.0023    0.9958    0.3549
  [ 99:100]     5112     1939    0.0016    0.9974    0.3793
  [100:101]     3173     1188    0.0010    0.9984    0.3744
  [101:102]     1985      827    0.0007    0.9990    0.4166
  [102:103]     1158      484    0.0004    0.9994    0.4180
  [103:104]      674      274    0.0002    0.9997    0.4065
  [104:105]      400      196    0.0002    0.9998    0.4900
  [105:106]      204       86    0.0001    0.9999    0.4216
  [106:107]      118       67    0.0001    1.0000    0.5678
  [107:108]       51       19    0.0000    1.0000    0.3725
  [108:109]       32       15    0.0000    1.0000    0.4688
  [109:110]       17        8    0.0000    1.0000    0.4706
  [110:111]        9        5    0.0000    1.0000    0.5556
  [111:112]        4        2    0.0000    1.0000    0.5000
  [112:113]        2        2    0.0000    1.0000    1.0000
  [113:114]        0        0    0.0000    1.0000       nan
  [114:115]        0        0    0.0000    1.0000       nan

  FEMALE STATISTICS
  Average life span =  76.52327217333486

    Bracket  Pop       Deaths      PDF       CDF   This Year

  [  0:  1]  1219697    12845    0.0105    0.0105    0.0105
  [  1:  2]  1206852      884    0.0007    0.0113    0.0007
  [  2:  3]  1205968      513    0.0004    0.0117    0.0004
  [  3:  4]  1205455      381    0.0003    0.0120    0.0003
  [  4:  5]  1205074      291    0.0002    0.0122    0.0002
  [  5:  6]  1204783      250    0.0002    0.0124    0.0002
  [  6:  7]  1204533      256    0.0002    0.0126    0.0002
  [  7:  8]  1204277      231    0.0002    0.0128    0.0002
  [  8:  9]  1204046      230    0.0002    0.0130    0.0002
  [  9: 10]  1203816      225    0.0002    0.0132    0.0002
  [ 10: 11]  1203591      244    0.0002    0.0134    0.0002
  [ 11: 12]  1203347      212    0.0002    0.0136    0.0002
  [ 12: 13]  1203135      243    0.0002    0.0138    0.0002
  [ 13: 14]  1202892      319    0.0003    0.0140    0.0003
  [ 14: 15]  1202573      352    0.0003    0.0143    0.0003
  [ 15: 16]  1202221      469    0.0004    0.0147    0.0004
  [ 16: 17]  1201752      672    0.0006    0.0153    0.0006
  [ 17: 18]  1201080      746    0.0006    0.0159    0.0006
  [ 18: 19]  1200334      928    0.0008    0.0166    0.0008
  [ 19: 20]  1199406      926    0.0008    0.0174    0.0008
  [ 20: 21]  1198480      904    0.0007    0.0181    0.0008
  [ 21: 22]  1197576     1004    0.0008    0.0190    0.0008
  [ 22: 23]  1196572      974    0.0008    0.0198    0.0008
  [ 23: 24]  1195598     1004    0.0008    0.0206    0.0008
  [ 24: 25]  1194594     1039    0.0009    0.0214    0.0009
  [ 25: 26]  1193555     1055    0.0009    0.0223    0.0009
  [ 26: 27]  1192500     1171    0.0010    0.0233    0.0010
  [ 27: 28]  1191329     1145    0.0009    0.0242    0.0010
  [ 28: 29]  1190184     1190    0.0010    0.0252    0.0010
  [ 29: 30]  1188994     1263    0.0010    0.0262    0.0011
  [ 30: 31]  1187731     1222    0.0010    0.0272    0.0010
  [ 31: 32]  1186509     1282    0.0011    0.0283    0.0011
  [ 32: 33]  1185227     1410    0.0012    0.0294    0.0012
  [ 33: 34]  1183817     1411    0.0012    0.0306    0.0012
  [ 34: 35]  1182406     1631    0.0013    0.0319    0.0014
  [ 35: 36]  1180775     1889    0.0015    0.0335    0.0016
  [ 36: 37]  1178886     2059    0.0017    0.0351    0.0017
  [ 37: 38]  1176827     2189    0.0018    0.0369    0.0019
  [ 38: 39]  1174638     2417    0.0020    0.0389    0.0021
  [ 39: 40]  1172221     2572    0.0021    0.0410    0.0022
  [ 40: 41]  1169649     2900    0.0024    0.0434    0.0025
  [ 41: 42]  1166749     3149    0.0026    0.0460    0.0027
  [ 42: 43]  1163600     3540    0.0029    0.0489    0.0030
  [ 43: 44]  1160060     4159    0.0034    0.0523    0.0036
  [ 44: 45]  1155901     4627    0.0038    0.0561    0.0040
  [ 45: 46]  1151274     4926    0.0040    0.0601    0.0043
  [ 46: 47]  1146348     5502    0.0045    0.0646    0.0048
  [ 47: 48]  1140846     6149    0.0050    0.0697    0.0054
  [ 48: 49]  1134697     6521    0.0053    0.0750    0.0057
  [ 49: 50]  1128176     6736    0.0055    0.0806    0.0060
  [ 50: 51]  1121440     7425    0.0061    0.0866    0.0066
  [ 51: 52]  1114015     7871    0.0065    0.0931    0.0071
  [ 52: 53]  1106144     8025    0.0066    0.0997    0.0073
  [ 53: 54]  1098119     8282    0.0068    0.1065    0.0075
  [ 54: 55]  1089837     8793    0.0072    0.1137    0.0081
  [ 55: 56]  1081044     9030    0.0074    0.1211    0.0084
  [ 56: 57]  1072014     9446    0.0077    0.1288    0.0088
  [ 57: 58]  1062568    10007    0.0082    0.1370    0.0094
  [ 58: 59]  1052561    10676    0.0088    0.1458    0.0101
  [ 59: 60]  1041885    11709    0.0096    0.1554    0.0112
  [ 60: 61]  1030176    12785    0.0105    0.1659    0.0124
  [ 61: 62]  1017391    10996    0.0090    0.1749    0.0108
  [ 62: 63]  1006395    11759    0.0096    0.1845    0.0117
  [ 63: 64]   994636    12827    0.0105    0.1950    0.0129
  [ 64: 65]   981809    14257    0.0117    0.2067    0.0145
  [ 65: 66]   967552    14160    0.0116    0.2183    0.0146
  [ 66: 67]   953392    14065    0.0115    0.2299    0.0148
  [ 67: 68]   939327    14638    0.0120    0.2419    0.0156
  [ 68: 69]   924689    15231    0.0125    0.2544    0.0165
  [ 69: 70]   909458    16405    0.0135    0.2678    0.0180
  [ 70: 71]   893053    16819    0.0138    0.2816    0.0188
  [ 71: 72]   876234    17972    0.0147    0.2963    0.0205
  [ 72: 73]   858262    19752    0.0162    0.3125    0.0230
  [ 73: 74]   838510    20062    0.0164    0.3290    0.0239
  [ 74: 75]   818448    21790    0.0179    0.3468    0.0266
  [ 75: 76]   796658    23853    0.0196    0.3664    0.0299
  [ 76: 77]   772805    25738    0.0211    0.3875    0.0333
  [ 77: 78]   747067    27948    0.0229    0.4104    0.0374
  [ 78: 79]   719119    29593    0.0243    0.4347    0.0412
  [ 79: 80]   689526    32228    0.0264    0.4611    0.0467
  [ 80: 81]   657298    34090    0.0279    0.4890    0.0519
  [ 81: 82]   623208    36468    0.0299    0.5189    0.0585
  [ 82: 83]   586740    39400    0.0323    0.5512    0.0672
  [ 83: 84]   547340    40894    0.0335    0.5848    0.0747
  [ 84: 85]   506446    41667    0.0342    0.6189    0.0823
  [ 85: 86]   464779    43943    0.0360    0.6550    0.0945
  [ 86: 87]   420836    44588    0.0366    0.6915    0.1060
  [ 87: 88]   376248    43320    0.0355    0.7270    0.1151
  [ 88: 89]   332928    41079    0.0337    0.7607    0.1234
  [ 89: 90]   291849    40180    0.0329    0.7937    0.1377
  [ 90: 91]   251669    37916    0.0311    0.8247    0.1507
  [ 91: 92]   213753    35916    0.0294    0.8542    0.1680
  [ 92: 93]   177837    33266    0.0273    0.8815    0.1871
  [ 93: 94]   144571    29661    0.0243    0.9058    0.2052
  [ 94: 95]   114910    25944    0.0213    0.9271    0.2258
  [ 95: 96]    88966    21758    0.0178    0.9449    0.2446
  [ 96: 97]    67208    17467    0.0143    0.9592    0.2599
  [ 97: 98]    49741    14165    0.0116    0.9708    0.2848
  [ 98: 99]    35576    10918    0.0090    0.9798    0.3069
  [ 99:100]    24658     8067    0.0066    0.9864    0.3272
  [100:101]    16591     5764    0.0047    0.9911    0.3474
  [101:102]    10827     4041    0.0033    0.9944    0.3732
  [102:103]     6786     2621    0.0021    0.9966    0.3862
  [103:104]     4165     1721    0.0014    0.9980    0.4132
  [104:105]     2444     1026    0.0008    0.9988    0.4198
  [105:106]     1418      661    0.0005    0.9994    0.4661
  [106:107]      757      344    0.0003    0.9997    0.4544
  [107:108]      413      208    0.0002    0.9998    0.5036
  [108:109]      205       99    0.0001    0.9999    0.4829
  [109:110]      106       55    0.0000    1.0000    0.5189
  [110:111]       51       24    0.0000    1.0000    0.4706
  [111:112]       27       15    0.0000    1.0000    0.5556
  [112:113]       12        7    0.0000    1.0000    0.5833
  [113:114]        5        4    0.0000    1.0000    0.8000
  [114:115]        1        1    0.0000    1.0000    1.0000
  Graphics saved as "mortality_this_year.png"

mortality_to_die_plot():
  mortality_to_die_plot() plots the per bracket "to die" function.
  Graphics saved as "mortality_to_die.png"

mortality_test():
  Normal end of execution.
Wed Oct  8 08:28:33 2025
