  0  -1  0  0  0  0  -0
  0.1  -1  0  0  0  0  -0.2
  0.2  -1  0  0  0  0  -0.4
  0.3  -1  0  0  0  0  -0.6
  0.4  -1  0  0  0  0  -0.8
  0.5  -1  0  0  0  0  -1
  0.6  -1  0  0  0  0  -1.2
  0.7  -1  0  0  0  0  -1.4
  0.8  -1  0  0  0  0  -1.6
  0.9  -1  0  0  0  0  -1.8
  1  -1  0  0  0  0  -2
  1.1  -1  0  0  0  0  -2.2
  1.2  -1  0  0  0  0  -2.4
  1.3  -1  0  0  0  0  -2.6
  1.4  -1  0  0  0  0  -2.8
  1.5  -1  0  0  0  0  -3
  1.6  -1  0  0  0  0  -3.2
  1.7  -1  0  0  0  0  -3.4
  1.8  -1  0  0  0  0  -3.6
  1.9  -1  0  0  0  0  -3.8
  2  -1  0  0  0  0  -4
  2.1  -1  0  0  0  0  -4.2
  2.2  -1  0  0  0  0  -4.4
  2.3  -1  0  0  0  0  -4.6
  2.4  -1  0  0  0  0  -4.8
  2.5  -1  0  0  0  0  -5
  2.6  -1  0  0  0  0  -5.2
  2.7  -1  0  0  0  0  -5.4
  2.8  -1  0  0  0  0  -5.6
  2.9  -1  0  0  0  0  -5.8
  3  -1  0  0  0  0  -6
  3.1  -1  0  0  0  0  -6.2
  3.2  -1  0  0  0  0  -6.4
  3.3  -1  0  0  0  0  -6.6
  3.4  -1  0  0  0  0  -6.8
  3.5  -1  0  0  0  0  -7
  3.6  -1  0  0  0  0  -7.2
  3.7  -1  0  0  0  0  -7.4
  3.8  -1  0  0  0  0  -7.6
  3.9  -1  0  0  0  0  -7.8
  4  -1  0  0  0  0  -8
  4.1  -1  0  0  0  0  -8.2
  4.2  -1  0  0  0  0  -8.4
  4.3  -1  0  0  0  0  -8.6
  4.4  -1  0  0  0  0  -8.8
  4.5  -1  0  0  0  0  -9
  4.6  -1  0  0  0  0  -9.2
  4.7  -1  0  0  0  0  -9.4
  4.8  -1  0  0  0  0  -9.6
  4.9  -1  0  0  0  0  -9.8
  5  -1  0  0  0  0  -10
  5.1  -1  0  0  0  0  -10.2
  5.2  -1  0  0  0  0  -10.4
  5.3  -1  0  0  0  0  -10.6
  5.4  -1  0  0  0  0  -10.8
  5.5  -1  0  0  0  0  -11
  5.6  -1  0  0  0  0  -11.2
  5.7  -1  0  0  0  0  -11.4
  5.8  -1  0  0  0  0  -11.6
  5.9  -1  0  0  0  0  -11.8
  6  -1  0  0  0  0  -12
  0  -0.9  0.19  0  0.095  0  -0
  0.1  -0.9  0.19  0  0.095  0  -0.2
  0.2  -0.9  0.19  0  0.095  0  -0.4
  0.3  -0.9  0.19  0  0.095  0  -0.6
  0.4  -0.9  0.19  0  0.095  0  -0.8
  0.5  -0.9  0.19  0  0.095  0  -1
  0.6  -0.9  0.19  0  0.095  0  -1.2
  0.7  -0.9  0.19  0  0.095  0  -1.4
  0.8  -0.9  0.19  0  0.095  0  -1.6
  0.9  -0.9  0.19  0  0.095  0  -1.8
  1  -0.9  0.19  0  0.095  0  -2
  1.1  -0.9  0.19  0  0.095  0  -2.2
  1.2  -0.9  0.19  0  0.095  0  -2.4
  1.3  -0.9  0.19  0  0.095  0  -2.6
  1.4  -0.9  0.19  0  0.095  0  -2.8
  1.5  -0.9  0.19  0  0.095  0  -3
  1.6  -0.9  0.19  0  0.095  0  -3.2
  1.7  -0.9  0.19  0  0.095  0  -3.4
  1.8  -0.9  0.19  0  0.095  0  -3.6
  1.9  -0.9  0.19  0  0.095  0  -3.8
  2  -0.9  0.19  0  0.095  0  -4
  2.1  -0.9  0.19  0  0.095  0  -4.2
  2.2  -0.9  0.19  0  0.095  0  -4.4
  2.3  -0.9  0.19  0  0.095  0  -4.6
  2.4  -0.9  0.19  0  0.095  0  -4.8
  2.5  -0.9  0.19  0  0.095  0  -5
  2.6  -0.9  0.19  0  0.095  0  -5.2
  2.7  -0.9  0.19  0  0.095  0  -5.4
  2.8  -0.9  0.19  0  0.095  0  -5.6
  2.9  -0.9  0.19  0  0.095  0  -5.8
  3  -0.9  0.19  0  0.095  0  -6
  3.1  -0.9  0.19  0  0.095  0  -6.2
  3.2  -0.9  0.19  0  0.095  0  -6.4
  3.3  -0.9  0.19  0  0.095  0  -6.6
  3.4  -0.9  0.19  0  0.095  0  -6.8
  3.5  -0.9  0.19  0  0.095  0  -7
  3.6  -0.9  0.19  0  0.095  0  -7.2
  3.7  -0.9  0.19  0  0.095  0  -7.4
  3.8  -0.9  0.19  0  0.095  0  -7.6
  3.9  -0.9  0.19  0  0.095  0  -7.8
  4  -0.9  0.19  0  0.095  0  -8
  4.1  -0.9  0.19  0  0.095  0  -8.2
  4.2  -0.9  0.19  0  0.095  0  -8.4
  4.3  -0.9  0.19  0  0.095  0  -8.6
  4.4  -0.9  0.19  0  0.095  0  -8.8
  4.5  -0.9  0.19  0  0.095  0  -9
  4.6  -0.9  0.19  0  0.095  0  -9.2
  4.7  -0.9  0.19  0  0.095  0  -9.4
  4.8  -0.9  0.19  0  0.095  0  -9.6
  4.9  -0.9  0.19  0  0.095  0  -9.8
  5  -0.9  0.19  0  0.095  0  -10
  5.1  -0.9  0.19  0  0.095  0  -10.2
  5.2  -0.9  0.19  0  0.095  0  -10.4
  5.3  -0.9  0.19  0  0.095  0  -10.6
  5.4  -0.9  0.19  0  0.095  0  -10.8
  5.5  -0.9  0.19  0  0.095  0  -11
  5.6  -0.9  0.19  0  0.095  0  -11.2
  5.7  -0.9  0.19  0  0.095  0  -11.4
  5.8  -0.9  0.19  0  0.095  0  -11.6
  5.9  -0.9  0.19  0  0.095  0  -11.8
  6  -0.9  0.19  0  0.095  0  -12
  0  -0.8  0.36  0  0.18  0  -0
  0.1  -0.8  0.36  0  0.18  0  -0.2
  0.2  -0.8  0.36  0  0.18  0  -0.4
  0.3  -0.8  0.36  0  0.18  0  -0.6
  0.4  -0.8  0.36  0  0.18  0  -0.8
  0.5  -0.8  0.36  0  0.18  0  -1
  0.6  -0.8  0.36  0  0.18  0  -1.2
  0.7  -0.8  0.36  0  0.18  0  -1.4
  0.8  -0.8  0.36  0  0.18  0  -1.6
  0.9  -0.8  0.36  0  0.18  0  -1.8
  1  -0.8  0.36  0  0.18  0  -2
  1.1  -0.8  0.36  0  0.18  0  -2.2
  1.2  -0.8  0.36  0  0.18  0  -2.4
  1.3  -0.8  0.36  0  0.18  0  -2.6
  1.4  -0.8  0.36  0  0.18  0  -2.8
  1.5  -0.8  0.36  0  0.18  0  -3
  1.6  -0.8  0.36  0  0.18  0  -3.2
  1.7  -0.8  0.36  0  0.18  0  -3.4
  1.8  -0.8  0.36  0  0.18  0  -3.6
  1.9  -0.8  0.36  0  0.18  0  -3.8
  2  -0.8  0.36  0  0.18  0  -4
  2.1  -0.8  0.36  0  0.18  0  -4.2
  2.2  -0.8  0.36  0  0.18  0  -4.4
  2.3  -0.8  0.36  0  0.18  0  -4.6
  2.4  -0.8  0.36  0  0.18  0  -4.8
  2.5  -0.8  0.36  0  0.18  0  -5
  2.6  -0.8  0.36  0  0.18  0  -5.2
  2.7  -0.8  0.36  0  0.18  0  -5.4
  2.8  -0.8  0.36  0  0.18  0  -5.6
  2.9  -0.8  0.36  0  0.18  0  -5.8
  3  -0.8  0.36  0  0.18  0  -6
  3.1  -0.8  0.36  0  0.18  0  -6.2
  3.2  -0.8  0.36  0  0.18  0  -6.4
  3.3  -0.8  0.36  0  0.18  0  -6.6
  3.4  -0.8  0.36  0  0.18  0  -6.8
  3.5  -0.8  0.36  0  0.18  0  -7
  3.6  -0.8  0.36  0  0.18  0  -7.2
  3.7  -0.8  0.36  0  0.18  0  -7.4
  3.8  -0.8  0.36  0  0.18  0  -7.6
  3.9  -0.8  0.36  0  0.18  0  -7.8
  4  -0.8  0.36  0  0.18  0  -8
  4.1  -0.8  0.36  0  0.18  0  -8.2
  4.2  -0.8  0.36  0  0.18  0  -8.4
  4.3  -0.8  0.36  0  0.18  0  -8.6
  4.4  -0.8  0.36  0  0.18  0  -8.8
  4.5  -0.8  0.36  0  0.18  0  -9
  4.6  -0.8  0.36  0  0.18  0  -9.2
  4.7  -0.8  0.36  0  0.18  0  -9.4
  4.8  -0.8  0.36  0  0.18  0  -9.6
  4.9  -0.8  0.36  0  0.18  0  -9.8
  5  -0.8  0.36  0  0.18  0  -10
  5.1  -0.8  0.36  0  0.18  0  -10.2
  5.2  -0.8  0.36  0  0.18  0  -10.4
  5.3  -0.8  0.36  0  0.18  0  -10.6
  5.4  -0.8  0.36  0  0.18  0  -10.8
  5.5  -0.8  0.36  0  0.18  0  -11
  5.6  -0.8  0.36  0  0.18  0  -11.2
  5.7  -0.8  0.36  0  0.18  0  -11.4
  5.8  -0.8  0.36  0  0.18  0  -11.6
  5.9  -0.8  0.36  0  0.18  0  -11.8
  6  -0.8  0.36  0  0.18  0  -12
  0  -0.7  0.51  0  0.255  0  -0
  0.1  -0.7  0.51  0  0.255  0  -0.2
  0.2  -0.7  0.51  0  0.255  0  -0.4
  0.3  -0.7  0.51  0  0.255  0  -0.6
  0.4  -0.7  0.51  0  0.255  0  -0.8
  0.5  -0.7  0.51  0  0.255  0  -1
  0.6  -0.7  0.51  0  0.255  0  -1.2
  0.7  -0.7  0.51  0  0.255  0  -1.4
  0.8  -0.7  0.51  0  0.255  0  -1.6
  0.9  -0.7  0.51  0  0.255  0  -1.8
  1  -0.7  0.51  0  0.255  0  -2
  1.1  -0.7  0.51  0  0.255  0  -2.2
  1.2  -0.7  0.51  0  0.255  0  -2.4
  1.3  -0.7  0.51  0  0.255  0  -2.6
  1.4  -0.7  0.51  0  0.255  0  -2.8
  1.5  -0.7  0.51  0  0.255  0  -3
  1.6  -0.7  0.51  0  0.255  0  -3.2
  1.7  -0.7  0.51  0  0.255  0  -3.4
  1.8  -0.7  0.51  0  0.255  0  -3.6
  1.9  -0.7  0.51  0  0.255  0  -3.8
  2  -0.7  0.51  0  0.255  0  -4
  2.1  -0.7  0.51  0  0.255  0  -4.2
  2.2  -0.7  0.51  0  0.255  0  -4.4
  2.3  -0.7  0.51  0  0.255  0  -4.6
  2.4  -0.7  0.51  0  0.255  0  -4.8
  2.5  -0.7  0.51  0  0.255  0  -5
  2.6  -0.7  0.51  0  0.255  0  -5.2
  2.7  -0.7  0.51  0  0.255  0  -5.4
  2.8  -0.7  0.51  0  0.255  0  -5.6
  2.9  -0.7  0.51  0  0.255  0  -5.8
  3  -0.7  0.51  0  0.255  0  -6
  3.1  -0.7  0.51  0  0.255  0  -6.2
  3.2  -0.7  0.51  0  0.255  0  -6.4
  3.3  -0.7  0.51  0  0.255  0  -6.6
  3.4  -0.7  0.51  0  0.255  0  -6.8
  3.5  -0.7  0.51  0  0.255  0  -7
  3.6  -0.7  0.51  0  0.255  0  -7.2
  3.7  -0.7  0.51  0  0.255  0  -7.4
  3.8  -0.7  0.51  0  0.255  0  -7.6
  3.9  -0.7  0.51  0  0.255  0  -7.8
  4  -0.7  0.51  0  0.255  0  -8
  4.1  -0.7  0.51  0  0.255  0  -8.2
  4.2  -0.7  0.51  0  0.255  0  -8.4
  4.3  -0.7  0.51  0  0.255  0  -8.6
  4.4  -0.7  0.51  0  0.255  0  -8.8
  4.5  -0.7  0.51  0  0.255  0  -9
  4.6  -0.7  0.51  0  0.255  0  -9.2
  4.7  -0.7  0.51  0  0.255  0  -9.4
  4.8  -0.7  0.51  0  0.255  0  -9.6
  4.9  -0.7  0.51  0  0.255  0  -9.8
  5  -0.7  0.51  0  0.255  0  -10
  5.1  -0.7  0.51  0  0.255  0  -10.2
  5.2  -0.7  0.51  0  0.255  0  -10.4
  5.3  -0.7  0.51  0  0.255  0  -10.6
  5.4  -0.7  0.51  0  0.255  0  -10.8
  5.5  -0.7  0.51  0  0.255  0  -11
  5.6  -0.7  0.51  0  0.255  0  -11.2
  5.7  -0.7  0.51  0  0.255  0  -11.4
  5.8  -0.7  0.51  0  0.255  0  -11.6
  5.9  -0.7  0.51  0  0.255  0  -11.8
  6  -0.7  0.51  0  0.255  0  -12
  0  -0.6  0.64  0  0.32  0  -0
  0.1  -0.6  0.64  0  0.32  0  -0.2
  0.2  -0.6  0.64  0  0.32  0  -0.4
  0.3  -0.6  0.64  0  0.32  0  -0.6
  0.4  -0.6  0.64  0  0.32  0  -0.8
  0.5  -0.6  0.64  0  0.32  0  -1
  0.6  -0.6  0.64  0  0.32  0  -1.2
  0.7  -0.6  0.64  0  0.32  0  -1.4
  0.8  -0.6  0.64  0  0.32  0  -1.6
  0.9  -0.6  0.64  0  0.32  0  -1.8
  1  -0.6  0.64  0  0.32  0  -2
  1.1  -0.6  0.64  0  0.32  0  -2.2
  1.2  -0.6  0.64  0  0.32  0  -2.4
  1.3  -0.6  0.64  0  0.32  0  -2.6
  1.4  -0.6  0.64  0  0.32  0  -2.8
  1.5  -0.6  0.64  0  0.32  0  -3
  1.6  -0.6  0.64  0  0.32  0  -3.2
  1.7  -0.6  0.64  0  0.32  0  -3.4
  1.8  -0.6  0.64  0  0.32  0  -3.6
  1.9  -0.6  0.64  0  0.32  0  -3.8
  2  -0.6  0.64  0  0.32  0  -4
  2.1  -0.6  0.64  0  0.32  0  -4.2
  2.2  -0.6  0.64  0  0.32  0  -4.4
  2.3  -0.6  0.64  0  0.32  0  -4.6
  2.4  -0.6  0.64  0  0.32  0  -4.8
  2.5  -0.6  0.64  0  0.32  0  -5
  2.6  -0.6  0.64  0  0.32  0  -5.2
  2.7  -0.6  0.64  0  0.32  0  -5.4
  2.8  -0.6  0.64  0  0.32  0  -5.6
  2.9  -0.6  0.64  0  0.32  0  -5.8
  3  -0.6  0.64  0  0.32  0  -6
  3.1  -0.6  0.64  0  0.32  0  -6.2
  3.2  -0.6  0.64  0  0.32  0  -6.4
  3.3  -0.6  0.64  0  0.32  0  -6.6
  3.4  -0.6  0.64  0  0.32  0  -6.8
  3.5  -0.6  0.64  0  0.32  0  -7
  3.6  -0.6  0.64  0  0.32  0  -7.2
  3.7  -0.6  0.64  0  0.32  0  -7.4
  3.8  -0.6  0.64  0  0.32  0  -7.6
  3.9  -0.6  0.64  0  0.32  0  -7.8
  4  -0.6  0.64  0  0.32  0  -8
  4.1  -0.6  0.64  0  0.32  0  -8.2
  4.2  -0.6  0.64  0  0.32  0  -8.4
  4.3  -0.6  0.64  0  0.32  0  -8.6
  4.4  -0.6  0.64  0  0.32  0  -8.8
  4.5  -0.6  0.64  0  0.32  0  -9
  4.6  -0.6  0.64  0  0.32  0  -9.2
  4.7  -0.6  0.64  0  0.32  0  -9.4
  4.8  -0.6  0.64  0  0.32  0  -9.6
  4.9  -0.6  0.64  0  0.32  0  -9.8
  5  -0.6  0.64  0  0.32  0  -10
  5.1  -0.6  0.64  0  0.32  0  -10.2
  5.2  -0.6  0.64  0  0.32  0  -10.4
  5.3  -0.6  0.64  0  0.32  0  -10.6
  5.4  -0.6  0.64  0  0.32  0  -10.8
  5.5  -0.6  0.64  0  0.32  0  -11
  5.6  -0.6  0.64  0  0.32  0  -11.2
  5.7  -0.6  0.64  0  0.32  0  -11.4
  5.8  -0.6  0.64  0  0.32  0  -11.6
  5.9  -0.6  0.64  0  0.32  0  -11.8
  6  -0.6  0.64  0  0.32  0  -12
  0  -0.5  0.75  0  0.375  0  -0
  0.1  -0.5  0.75  0  0.375  0  -0.2
  0.2  -0.5  0.75  0  0.375  0  -0.4
  0.3  -0.5  0.75  0  0.375  0  -0.6
  0.4  -0.5  0.75  0  0.375  0  -0.8
  0.5  -0.5  0.75  0  0.375  0  -1
  0.6  -0.5  0.75  0  0.375  0  -1.2
  0.7  -0.5  0.75  0  0.375  0  -1.4
  0.8  -0.5  0.75  0  0.375  0  -1.6
  0.9  -0.5  0.75  0  0.375  0  -1.8
  1  -0.5  0.75  0  0.375  0  -2
  1.1  -0.5  0.75  0  0.375  0  -2.2
  1.2  -0.5  0.75  0  0.375  0  -2.4
  1.3  -0.5  0.75  0  0.375  0  -2.6
  1.4  -0.5  0.75  0  0.375  0  -2.8
  1.5  -0.5  0.75  0  0.375  0  -3
  1.6  -0.5  0.75  0  0.375  0  -3.2
  1.7  -0.5  0.75  0  0.375  0  -3.4
  1.8  -0.5  0.75  0  0.375  0  -3.6
  1.9  -0.5  0.75  0  0.375  0  -3.8
  2  -0.5  0.75  0  0.375  0  -4
  2.1  -0.5  0.75  0  0.375  0  -4.2
  2.2  -0.5  0.75  0  0.375  0  -4.4
  2.3  -0.5  0.75  0  0.375  0  -4.6
  2.4  -0.5  0.75  0  0.375  0  -4.8
  2.5  -0.5  0.75  0  0.375  0  -5
  2.6  -0.5  0.75  0  0.375  0  -5.2
  2.7  -0.5  0.75  0  0.375  0  -5.4
  2.8  -0.5  0.75  0  0.375  0  -5.6
  2.9  -0.5  0.75  0  0.375  0  -5.8
  3  -0.5  0.75  0  0.375  0  -6
  3.1  -0.5  0.75  0  0.375  0  -6.2
  3.2  -0.5  0.75  0  0.375  0  -6.4
  3.3  -0.5  0.75  0  0.375  0  -6.6
  3.4  -0.5  0.75  0  0.375  0  -6.8
  3.5  -0.5  0.75  0  0.375  0  -7
  3.6  -0.5  0.75  0  0.375  0  -7.2
  3.7  -0.5  0.75  0  0.375  0  -7.4
  3.8  -0.5  0.75  0  0.375  0  -7.6
  3.9  -0.5  0.75  0  0.375  0  -7.8
  4  -0.5  0.75  0  0.375  0  -8
  4.1  -0.5  0.75  0  0.375  0  -8.2
  4.2  -0.5  0.75  0  0.375  0  -8.4
  4.3  -0.5  0.75  0  0.375  0  -8.6
  4.4  -0.5  0.75  0  0.375  0  -8.8
  4.5  -0.5  0.75  0  0.375  0  -9
  4.6  -0.5  0.75  0  0.375  0  -9.2
  4.7  -0.5  0.75  0  0.375  0  -9.4
  4.8  -0.5  0.75  0  0.375  0  -9.6
  4.9  -0.5  0.75  0  0.375  0  -9.8
  5  -0.5  0.75  0  0.375  0  -10
  5.1  -0.5  0.75  0  0.375  0  -10.2
  5.2  -0.5  0.75  0  0.375  0  -10.4
  5.3  -0.5  0.75  0  0.375  0  -10.6
  5.4  -0.5  0.75  0  0.375  0  -10.8
  5.5  -0.5  0.75  0  0.375  0  -11
  5.6  -0.5  0.75  0  0.375  0  -11.2
  5.7  -0.5  0.75  0  0.375  0  -11.4
  5.8  -0.5  0.75  0  0.375  0  -11.6
  5.9  -0.5  0.75  0  0.375  0  -11.8
  6  -0.5  0.75  0  0.375  0  -12
  0  -0.4  0.84  0  0.42  0  -0
  0.1  -0.4  0.84  0  0.42  0  -0.2
  0.2  -0.4  0.84  0  0.42  0  -0.4
  0.3  -0.4  0.84  0  0.42  0  -0.6
  0.4  -0.4  0.84  0  0.42  0  -0.8
  0.5  -0.4  0.84  0  0.42  0  -1
  0.6  -0.4  0.84  0  0.42  0  -1.2
  0.7  -0.4  0.84  0  0.42  0  -1.4
  0.8  -0.4  0.84  0  0.42  0  -1.6
  0.9  -0.4  0.84  0  0.42  0  -1.8
  1  -0.4  0.84  0  0.42  0  -2
  1.1  -0.4  0.84  0  0.42  0  -2.2
  1.2  -0.4  0.84  0  0.42  0  -2.4
  1.3  -0.4  0.84  0  0.42  0  -2.6
  1.4  -0.4  0.84  0  0.42  0  -2.8
  1.5  -0.4  0.84  0  0.42  0  -3
  1.6  -0.4  0.84  0  0.42  0  -3.2
  1.7  -0.4  0.84  0  0.42  0  -3.4
  1.8  -0.4  0.84  0  0.42  0  -3.6
  1.9  -0.4  0.84  0  0.42  0  -3.8
  2  -0.4  0.84  0  0.42  0  -4
  2.1  -0.4  0.84  0  0.42  0  -4.2
  2.2  -0.4  0.84  0  0.42  0  -4.4
  2.3  -0.4  0.84  0  0.42  0  -4.6
  2.4  -0.4  0.84  0  0.42  0  -4.8
  2.5  -0.4  0.84  0  0.42  0  -5
  2.6  -0.4  0.84  0  0.42  0  -5.2
  2.7  -0.4  0.84  0  0.42  0  -5.4
  2.8  -0.4  0.84  0  0.42  0  -5.6
  2.9  -0.4  0.84  0  0.42  0  -5.8
  3  -0.4  0.84  0  0.42  0  -6
  3.1  -0.4  0.84  0  0.42  0  -6.2
  3.2  -0.4  0.84  0  0.42  0  -6.4
  3.3  -0.4  0.84  0  0.42  0  -6.6
  3.4  -0.4  0.84  0  0.42  0  -6.8
  3.5  -0.4  0.84  0  0.42  0  -7
  3.6  -0.4  0.84  0  0.42  0  -7.2
  3.7  -0.4  0.84  0  0.42  0  -7.4
  3.8  -0.4  0.84  0  0.42  0  -7.6
  3.9  -0.4  0.84  0  0.42  0  -7.8
  4  -0.4  0.84  0  0.42  0  -8
  4.1  -0.4  0.84  0  0.42  0  -8.2
  4.2  -0.4  0.84  0  0.42  0  -8.4
  4.3  -0.4  0.84  0  0.42  0  -8.6
  4.4  -0.4  0.84  0  0.42  0  -8.8
  4.5  -0.4  0.84  0  0.42  0  -9
  4.6  -0.4  0.84  0  0.42  0  -9.2
  4.7  -0.4  0.84  0  0.42  0  -9.4
  4.8  -0.4  0.84  0  0.42  0  -9.6
  4.9  -0.4  0.84  0  0.42  0  -9.8
  5  -0.4  0.84  0  0.42  0  -10
  5.1  -0.4  0.84  0  0.42  0  -10.2
  5.2  -0.4  0.84  0  0.42  0  -10.4
  5.3  -0.4  0.84  0  0.42  0  -10.6
  5.4  -0.4  0.84  0  0.42  0  -10.8
  5.5  -0.4  0.84  0  0.42  0  -11
  5.6  -0.4  0.84  0  0.42  0  -11.2
  5.7  -0.4  0.84  0  0.42  0  -11.4
  5.8  -0.4  0.84  0  0.42  0  -11.6
  5.9  -0.4  0.84  0  0.42  0  -11.8
  6  -0.4  0.84  0  0.42  0  -12
  0  -0.3  0.91  0  0.455  0  -0
  0.1  -0.3  0.91  0  0.455  0  -0.2
  0.2  -0.3  0.91  0  0.455  0  -0.4
  0.3  -0.3  0.91  0  0.455  0  -0.6
  0.4  -0.3  0.91  0  0.455  0  -0.8
  0.5  -0.3  0.91  0  0.455  0  -1
  0.6  -0.3  0.91  0  0.455  0  -1.2
  0.7  -0.3  0.91  0  0.455  0  -1.4
  0.8  -0.3  0.91  0  0.455  0  -1.6
  0.9  -0.3  0.91  0  0.455  0  -1.8
  1  -0.3  0.91  0  0.455  0  -2
  1.1  -0.3  0.91  0  0.455  0  -2.2
  1.2  -0.3  0.91  0  0.455  0  -2.4
  1.3  -0.3  0.91  0  0.455  0  -2.6
  1.4  -0.3  0.91  0  0.455  0  -2.8
  1.5  -0.3  0.91  0  0.455  0  -3
  1.6  -0.3  0.91  0  0.455  0  -3.2
  1.7  -0.3  0.91  0  0.455  0  -3.4
  1.8  -0.3  0.91  0  0.455  0  -3.6
  1.9  -0.3  0.91  0  0.455  0  -3.8
  2  -0.3  0.91  0  0.455  0  -4
  2.1  -0.3  0.91  0  0.455  0  -4.2
  2.2  -0.3  0.91  0  0.455  0  -4.4
  2.3  -0.3  0.91  0  0.455  0  -4.6
  2.4  -0.3  0.91  0  0.455  0  -4.8
  2.5  -0.3  0.91  0  0.455  0  -5
  2.6  -0.3  0.91  0  0.455  0  -5.2
  2.7  -0.3  0.91  0  0.455  0  -5.4
  2.8  -0.3  0.91  0  0.455  0  -5.6
  2.9  -0.3  0.91  0  0.455  0  -5.8
  3  -0.3  0.91  0  0.455  0  -6
  3.1  -0.3  0.91  0  0.455  0  -6.2
  3.2  -0.3  0.91  0  0.455  0  -6.4
  3.3  -0.3  0.91  0  0.455  0  -6.6
  3.4  -0.3  0.91  0  0.455  0  -6.8
  3.5  -0.3  0.91  0  0.455  0  -7
  3.6  -0.3  0.91  0  0.455  0  -7.2
  3.7  -0.3  0.91  0  0.455  0  -7.4
  3.8  -0.3  0.91  0  0.455  0  -7.6
  3.9  -0.3  0.91  0  0.455  0  -7.8
  4  -0.3  0.91  0  0.455  0  -8
  4.1  -0.3  0.91  0  0.455  0  -8.2
  4.2  -0.3  0.91  0  0.455  0  -8.4
  4.3  -0.3  0.91  0  0.455  0  -8.6
  4.4  -0.3  0.91  0  0.455  0  -8.8
  4.5  -0.3  0.91  0  0.455  0  -9
  4.6  -0.3  0.91  0  0.455  0  -9.2
  4.7  -0.3  0.91  0  0.455  0  -9.4
  4.8  -0.3  0.91  0  0.455  0  -9.6
  4.9  -0.3  0.91  0  0.455  0  -9.8
  5  -0.3  0.91  0  0.455  0  -10
  5.1  -0.3  0.91  0  0.455  0  -10.2
  5.2  -0.3  0.91  0  0.455  0  -10.4
  5.3  -0.3  0.91  0  0.455  0  -10.6
  5.4  -0.3  0.91  0  0.455  0  -10.8
  5.5  -0.3  0.91  0  0.455  0  -11
  5.6  -0.3  0.91  0  0.455  0  -11.2
  5.7  -0.3  0.91  0  0.455  0  -11.4
  5.8  -0.3  0.91  0  0.455  0  -11.6
  5.9  -0.3  0.91  0  0.455  0  -11.8
  6  -0.3  0.91  0  0.455  0  -12
  0  -0.2  0.96  0  0.48  0  -0
  0.1  -0.2  0.96  0  0.48  0  -0.2
  0.2  -0.2  0.96  0  0.48  0  -0.4
  0.3  -0.2  0.96  0  0.48  0  -0.6
  0.4  -0.2  0.96  0  0.48  0  -0.8
  0.5  -0.2  0.96  0  0.48  0  -1
  0.6  -0.2  0.96  0  0.48  0  -1.2
  0.7  -0.2  0.96  0  0.48  0  -1.4
  0.8  -0.2  0.96  0  0.48  0  -1.6
  0.9  -0.2  0.96  0  0.48  0  -1.8
  1  -0.2  0.96  0  0.48  0  -2
  1.1  -0.2  0.96  0  0.48  0  -2.2
  1.2  -0.2  0.96  0  0.48  0  -2.4
  1.3  -0.2  0.96  0  0.48  0  -2.6
  1.4  -0.2  0.96  0  0.48  0  -2.8
  1.5  -0.2  0.96  0  0.48  0  -3
  1.6  -0.2  0.96  0  0.48  0  -3.2
  1.7  -0.2  0.96  0  0.48  0  -3.4
  1.8  -0.2  0.96  0  0.48  0  -3.6
  1.9  -0.2  0.96  0  0.48  0  -3.8
  2  -0.2  0.96  0  0.48  0  -4
  2.1  -0.2  0.96  0  0.48  0  -4.2
  2.2  -0.2  0.96  0  0.48  0  -4.4
  2.3  -0.2  0.96  0  0.48  0  -4.6
  2.4  -0.2  0.96  0  0.48  0  -4.8
  2.5  -0.2  0.96  0  0.48  0  -5
  2.6  -0.2  0.96  0  0.48  0  -5.2
  2.7  -0.2  0.96  0  0.48  0  -5.4
  2.8  -0.2  0.96  0  0.48  0  -5.6
  2.9  -0.2  0.96  0  0.48  0  -5.8
  3  -0.2  0.96  0  0.48  0  -6
  3.1  -0.2  0.96  0  0.48  0  -6.2
  3.2  -0.2  0.96  0  0.48  0  -6.4
  3.3  -0.2  0.96  0  0.48  0  -6.6
  3.4  -0.2  0.96  0  0.48  0  -6.8
  3.5  -0.2  0.96  0  0.48  0  -7
  3.6  -0.2  0.96  0  0.48  0  -7.2
  3.7  -0.2  0.96  0  0.48  0  -7.4
  3.8  -0.2  0.96  0  0.48  0  -7.6
  3.9  -0.2  0.96  0  0.48  0  -7.8
  4  -0.2  0.96  0  0.48  0  -8
  4.1  -0.2  0.96  0  0.48  0  -8.2
  4.2  -0.2  0.96  0  0.48  0  -8.4
  4.3  -0.2  0.96  0  0.48  0  -8.6
  4.4  -0.2  0.96  0  0.48  0  -8.8
  4.5  -0.2  0.96  0  0.48  0  -9
  4.6  -0.2  0.96  0  0.48  0  -9.2
  4.7  -0.2  0.96  0  0.48  0  -9.4
  4.8  -0.2  0.96  0  0.48  0  -9.6
  4.9  -0.2  0.96  0  0.48  0  -9.8
  5  -0.2  0.96  0  0.48  0  -10
  5.1  -0.2  0.96  0  0.48  0  -10.2
  5.2  -0.2  0.96  0  0.48  0  -10.4
  5.3  -0.2  0.96  0  0.48  0  -10.6
  5.4  -0.2  0.96  0  0.48  0  -10.8
  5.5  -0.2  0.96  0  0.48  0  -11
  5.6  -0.2  0.96  0  0.48  0  -11.2
  5.7  -0.2  0.96  0  0.48  0  -11.4
  5.8  -0.2  0.96  0  0.48  0  -11.6
  5.9  -0.2  0.96  0  0.48  0  -11.8
  6  -0.2  0.96  0  0.48  0  -12
  0  -0.1  0.99  0  0.495  0  -0
  0.1  -0.1  0.99  0  0.495  0  -0.2
  0.2  -0.1  0.99  0  0.495  0  -0.4
  0.3  -0.1  0.99  0  0.495  0  -0.6
  0.4  -0.1  0.99  0  0.495  0  -0.8
  0.5  -0.1  0.99  0  0.495  0  -1
  0.6  -0.1  0.99  0  0.495  0  -1.2
  0.7  -0.1  0.99  0  0.495  0  -1.4
  0.8  -0.1  0.99  0  0.495  0  -1.6
  0.9  -0.1  0.99  0  0.495  0  -1.8
  1  -0.1  0.99  0  0.495  0  -2
  1.1  -0.1  0.99  0  0.495  0  -2.2
  1.2  -0.1  0.99  0  0.495  0  -2.4
  1.3  -0.1  0.99  0  0.495  0  -2.6
  1.4  -0.1  0.99  0  0.495  0  -2.8
  1.5  -0.1  0.99  0  0.495  0  -3
  1.6  -0.1  0.99  0  0.495  0  -3.2
  1.7  -0.1  0.99  0  0.495  0  -3.4
  1.8  -0.1  0.99  0  0.495  0  -3.6
  1.9  -0.1  0.99  0  0.495  0  -3.8
  2  -0.1  0.99  0  0.495  0  -4
  2.1  -0.1  0.99  0  0.495  0  -4.2
  2.2  -0.1  0.99  0  0.495  0  -4.4
  2.3  -0.1  0.99  0  0.495  0  -4.6
  2.4  -0.1  0.99  0  0.495  0  -4.8
  2.5  -0.1  0.99  0  0.495  0  -5
  2.6  -0.1  0.99  0  0.495  0  -5.2
  2.7  -0.1  0.99  0  0.495  0  -5.4
  2.8  -0.1  0.99  0  0.495  0  -5.6
  2.9  -0.1  0.99  0  0.495  0  -5.8
  3  -0.1  0.99  0  0.495  0  -6
  3.1  -0.1  0.99  0  0.495  0  -6.2
  3.2  -0.1  0.99  0  0.495  0  -6.4
  3.3  -0.1  0.99  0  0.495  0  -6.6
  3.4  -0.1  0.99  0  0.495  0  -6.8
  3.5  -0.1  0.99  0  0.495  0  -7
  3.6  -0.1  0.99  0  0.495  0  -7.2
  3.7  -0.1  0.99  0  0.495  0  -7.4
  3.8  -0.1  0.99  0  0.495  0  -7.6
  3.9  -0.1  0.99  0  0.495  0  -7.8
  4  -0.1  0.99  0  0.495  0  -8
  4.1  -0.1  0.99  0  0.495  0  -8.2
  4.2  -0.1  0.99  0  0.495  0  -8.4
  4.3  -0.1  0.99  0  0.495  0  -8.6
  4.4  -0.1  0.99  0  0.495  0  -8.8
  4.5  -0.1  0.99  0  0.495  0  -9
  4.6  -0.1  0.99  0  0.495  0  -9.2
  4.7  -0.1  0.99  0  0.495  0  -9.4
  4.8  -0.1  0.99  0  0.495  0  -9.6
  4.9  -0.1  0.99  0  0.495  0  -9.8
  5  -0.1  0.99  0  0.495  0  -10
  5.1  -0.1  0.99  0  0.495  0  -10.2
  5.2  -0.1  0.99  0  0.495  0  -10.4
  5.3  -0.1  0.99  0  0.495  0  -10.6
  5.4  -0.1  0.99  0  0.495  0  -10.8
  5.5  -0.1  0.99  0  0.495  0  -11
  5.6  -0.1  0.99  0  0.495  0  -11.2
  5.7  -0.1  0.99  0  0.495  0  -11.4
  5.8  -0.1  0.99  0  0.495  0  -11.6
  5.9  -0.1  0.99  0  0.495  0  -11.8
  6  -0.1  0.99  0  0.495  0  -12
  0  0  1  0  0.5  0  -0
  0.1  0  1  0  0.5  0  -0.2
  0.2  0  1  0  0.5  0  -0.4
  0.3  0  1  0  0.5  0  -0.6
  0.4  0  1  0  0.5  0  -0.8
  0.5  0  1  0  0.5  0  -1
  0.6  0  1  0  0.5  0  -1.2
  0.7  0  1  0  0.5  0  -1.4
  0.8  0  1  0  0.5  0  -1.6
  0.9  0  1  0  0.5  0  -1.8
  1  0  1  0  0.5  0  -2
  1.1  0  1  0  0.5  0  -2.2
  1.2  0  1  0  0.5  0  -2.4
  1.3  0  1  0  0.5  0  -2.6
  1.4  0  1  0  0.5  0  -2.8
  1.5  0  1  0  0.5  0  -3
  1.6  0  1  0  0.5  0  -3.2
  1.7  0  1  0  0.5  0  -3.4
  1.8  0  1  0  0.5  0  -3.6
  1.9  0  1  0  0.5  0  -3.8
  2  0  1  0  0.5  0  -4
  2.1  0  1  0  0.5  0  -4.2
  2.2  0  1  0  0.5  0  -4.4
  2.3  0  1  0  0.5  0  -4.6
  2.4  0  1  0  0.5  0  -4.8
  2.5  0  1  0  0.5  0  -5
  2.6  0  1  0  0.5  0  -5.2
  2.7  0  1  0  0.5  0  -5.4
  2.8  0  1  0  0.5  0  -5.6
  2.9  0  1  0  0.5  0  -5.8
  3  0  1  0  0.5  0  -6
  3.1  0  1  0  0.5  0  -6.2
  3.2  0  1  0  0.5  0  -6.4
  3.3  0  1  0  0.5  0  -6.6
  3.4  0  1  0  0.5  0  -6.8
  3.5  0  1  0  0.5  0  -7
  3.6  0  1  0  0.5  0  -7.2
  3.7  0  1  0  0.5  0  -7.4
  3.8  0  1  0  0.5  0  -7.6
  3.9  0  1  0  0.5  0  -7.8
  4  0  1  0  0.5  0  -8
  4.1  0  1  0  0.5  0  -8.2
  4.2  0  1  0  0.5  0  -8.4
  4.3  0  1  0  0.5  0  -8.6
  4.4  0  1  0  0.5  0  -8.8
  4.5  0  1  0  0.5  0  -9
  4.6  0  1  0  0.5  0  -9.2
  4.7  0  1  0  0.5  0  -9.4
  4.8  0  1  0  0.5  0  -9.6
  4.9  0  1  0  0.5  0  -9.8
  5  0  1  0  0.5  0  -10
  5.1  0  1  0  0.5  0  -10.2
  5.2  0  1  0  0.5  0  -10.4
  5.3  0  1  0  0.5  0  -10.6
  5.4  0  1  0  0.5  0  -10.8
  5.5  0  1  0  0.5  0  -11
  5.6  0  1  0  0.5  0  -11.2
  5.7  0  1  0  0.5  0  -11.4
  5.8  0  1  0  0.5  0  -11.6
  5.9  0  1  0  0.5  0  -11.8
  6  0  1  0  0.5  0  -12
  0  0.1  0.99  0  0.495  0  -0
  0.1  0.1  0.99  0  0.495  0  -0.2
  0.2  0.1  0.99  0  0.495  0  -0.4
  0.3  0.1  0.99  0  0.495  0  -0.6
  0.4  0.1  0.99  0  0.495  0  -0.8
  0.5  0.1  0.99  0  0.495  0  -1
  0.6  0.1  0.99  0  0.495  0  -1.2
  0.7  0.1  0.99  0  0.495  0  -1.4
  0.8  0.1  0.99  0  0.495  0  -1.6
  0.9  0.1  0.99  0  0.495  0  -1.8
  1  0.1  0.99  0  0.495  0  -2
  1.1  0.1  0.99  0  0.495  0  -2.2
  1.2  0.1  0.99  0  0.495  0  -2.4
  1.3  0.1  0.99  0  0.495  0  -2.6
  1.4  0.1  0.99  0  0.495  0  -2.8
  1.5  0.1  0.99  0  0.495  0  -3
  1.6  0.1  0.99  0  0.495  0  -3.2
  1.7  0.1  0.99  0  0.495  0  -3.4
  1.8  0.1  0.99  0  0.495  0  -3.6
  1.9  0.1  0.99  0  0.495  0  -3.8
  2  0.1  0.99  0  0.495  0  -4
  2.1  0.1  0.99  0  0.495  0  -4.2
  2.2  0.1  0.99  0  0.495  0  -4.4
  2.3  0.1  0.99  0  0.495  0  -4.6
  2.4  0.1  0.99  0  0.495  0  -4.8
  2.5  0.1  0.99  0  0.495  0  -5
  2.6  0.1  0.99  0  0.495  0  -5.2
  2.7  0.1  0.99  0  0.495  0  -5.4
  2.8  0.1  0.99  0  0.495  0  -5.6
  2.9  0.1  0.99  0  0.495  0  -5.8
  3  0.1  0.99  0  0.495  0  -6
  3.1  0.1  0.99  0  0.495  0  -6.2
  3.2  0.1  0.99  0  0.495  0  -6.4
  3.3  0.1  0.99  0  0.495  0  -6.6
  3.4  0.1  0.99  0  0.495  0  -6.8
  3.5  0.1  0.99  0  0.495  0  -7
  3.6  0.1  0.99  0  0.495  0  -7.2
  3.7  0.1  0.99  0  0.495  0  -7.4
  3.8  0.1  0.99  0  0.495  0  -7.6
  3.9  0.1  0.99  0  0.495  0  -7.8
  4  0.1  0.99  0  0.495  0  -8
  4.1  0.1  0.99  0  0.495  0  -8.2
  4.2  0.1  0.99  0  0.495  0  -8.4
  4.3  0.1  0.99  0  0.495  0  -8.6
  4.4  0.1  0.99  0  0.495  0  -8.8
  4.5  0.1  0.99  0  0.495  0  -9
  4.6  0.1  0.99  0  0.495  0  -9.2
  4.7  0.1  0.99  0  0.495  0  -9.4
  4.8  0.1  0.99  0  0.495  0  -9.6
  4.9  0.1  0.99  0  0.495  0  -9.8
  5  0.1  0.99  0  0.495  0  -10
  5.1  0.1  0.99  0  0.495  0  -10.2
  5.2  0.1  0.99  0  0.495  0  -10.4
  5.3  0.1  0.99  0  0.495  0  -10.6
  5.4  0.1  0.99  0  0.495  0  -10.8
  5.5  0.1  0.99  0  0.495  0  -11
  5.6  0.1  0.99  0  0.495  0  -11.2
  5.7  0.1  0.99  0  0.495  0  -11.4
  5.8  0.1  0.99  0  0.495  0  -11.6
  5.9  0.1  0.99  0  0.495  0  -11.8
  6  0.1  0.99  0  0.495  0  -12
  0  0.2  0.96  0  0.48  0  -0
  0.1  0.2  0.96  0  0.48  0  -0.2
  0.2  0.2  0.96  0  0.48  0  -0.4
  0.3  0.2  0.96  0  0.48  0  -0.6
  0.4  0.2  0.96  0  0.48  0  -0.8
  0.5  0.2  0.96  0  0.48  0  -1
  0.6  0.2  0.96  0  0.48  0  -1.2
  0.7  0.2  0.96  0  0.48  0  -1.4
  0.8  0.2  0.96  0  0.48  0  -1.6
  0.9  0.2  0.96  0  0.48  0  -1.8
  1  0.2  0.96  0  0.48  0  -2
  1.1  0.2  0.96  0  0.48  0  -2.2
  1.2  0.2  0.96  0  0.48  0  -2.4
  1.3  0.2  0.96  0  0.48  0  -2.6
  1.4  0.2  0.96  0  0.48  0  -2.8
  1.5  0.2  0.96  0  0.48  0  -3
  1.6  0.2  0.96  0  0.48  0  -3.2
  1.7  0.2  0.96  0  0.48  0  -3.4
  1.8  0.2  0.96  0  0.48  0  -3.6
  1.9  0.2  0.96  0  0.48  0  -3.8
  2  0.2  0.96  0  0.48  0  -4
  2.1  0.2  0.96  0  0.48  0  -4.2
  2.2  0.2  0.96  0  0.48  0  -4.4
  2.3  0.2  0.96  0  0.48  0  -4.6
  2.4  0.2  0.96  0  0.48  0  -4.8
  2.5  0.2  0.96  0  0.48  0  -5
  2.6  0.2  0.96  0  0.48  0  -5.2
  2.7  0.2  0.96  0  0.48  0  -5.4
  2.8  0.2  0.96  0  0.48  0  -5.6
  2.9  0.2  0.96  0  0.48  0  -5.8
  3  0.2  0.96  0  0.48  0  -6
  3.1  0.2  0.96  0  0.48  0  -6.2
  3.2  0.2  0.96  0  0.48  0  -6.4
  3.3  0.2  0.96  0  0.48  0  -6.6
  3.4  0.2  0.96  0  0.48  0  -6.8
  3.5  0.2  0.96  0  0.48  0  -7
  3.6  0.2  0.96  0  0.48  0  -7.2
  3.7  0.2  0.96  0  0.48  0  -7.4
  3.8  0.2  0.96  0  0.48  0  -7.6
  3.9  0.2  0.96  0  0.48  0  -7.8
  4  0.2  0.96  0  0.48  0  -8
  4.1  0.2  0.96  0  0.48  0  -8.2
  4.2  0.2  0.96  0  0.48  0  -8.4
  4.3  0.2  0.96  0  0.48  0  -8.6
  4.4  0.2  0.96  0  0.48  0  -8.8
  4.5  0.2  0.96  0  0.48  0  -9
  4.6  0.2  0.96  0  0.48  0  -9.2
  4.7  0.2  0.96  0  0.48  0  -9.4
  4.8  0.2  0.96  0  0.48  0  -9.6
  4.9  0.2  0.96  0  0.48  0  -9.8
  5  0.2  0.96  0  0.48  0  -10
  5.1  0.2  0.96  0  0.48  0  -10.2
  5.2  0.2  0.96  0  0.48  0  -10.4
  5.3  0.2  0.96  0  0.48  0  -10.6
  5.4  0.2  0.96  0  0.48  0  -10.8
  5.5  0.2  0.96  0  0.48  0  -11
  5.6  0.2  0.96  0  0.48  0  -11.2
  5.7  0.2  0.96  0  0.48  0  -11.4
  5.8  0.2  0.96  0  0.48  0  -11.6
  5.9  0.2  0.96  0  0.48  0  -11.8
  6  0.2  0.96  0  0.48  0  -12
  0  0.3  0.91  0  0.455  0  -0
  0.1  0.3  0.91  0  0.455  0  -0.2
  0.2  0.3  0.91  0  0.455  0  -0.4
  0.3  0.3  0.91  0  0.455  0  -0.6
  0.4  0.3  0.91  0  0.455  0  -0.8
  0.5  0.3  0.91  0  0.455  0  -1
  0.6  0.3  0.91  0  0.455  0  -1.2
  0.7  0.3  0.91  0  0.455  0  -1.4
  0.8  0.3  0.91  0  0.455  0  -1.6
  0.9  0.3  0.91  0  0.455  0  -1.8
  1  0.3  0.91  0  0.455  0  -2
  1.1  0.3  0.91  0  0.455  0  -2.2
  1.2  0.3  0.91  0  0.455  0  -2.4
  1.3  0.3  0.91  0  0.455  0  -2.6
  1.4  0.3  0.91  0  0.455  0  -2.8
  1.5  0.3  0.91  0  0.455  0  -3
  1.6  0.3  0.91  0  0.455  0  -3.2
  1.7  0.3  0.91  0  0.455  0  -3.4
  1.8  0.3  0.91  0  0.455  0  -3.6
  1.9  0.3  0.91  0  0.455  0  -3.8
  2  0.3  0.91  0  0.455  0  -4
  2.1  0.3  0.91  0  0.455  0  -4.2
  2.2  0.3  0.91  0  0.455  0  -4.4
  2.3  0.3  0.91  0  0.455  0  -4.6
  2.4  0.3  0.91  0  0.455  0  -4.8
  2.5  0.3  0.91  0  0.455  0  -5
  2.6  0.3  0.91  0  0.455  0  -5.2
  2.7  0.3  0.91  0  0.455  0  -5.4
  2.8  0.3  0.91  0  0.455  0  -5.6
  2.9  0.3  0.91  0  0.455  0  -5.8
  3  0.3  0.91  0  0.455  0  -6
  3.1  0.3  0.91  0  0.455  0  -6.2
  3.2  0.3  0.91  0  0.455  0  -6.4
  3.3  0.3  0.91  0  0.455  0  -6.6
  3.4  0.3  0.91  0  0.455  0  -6.8
  3.5  0.3  0.91  0  0.455  0  -7
  3.6  0.3  0.91  0  0.455  0  -7.2
  3.7  0.3  0.91  0  0.455  0  -7.4
  3.8  0.3  0.91  0  0.455  0  -7.6
  3.9  0.3  0.91  0  0.455  0  -7.8
  4  0.3  0.91  0  0.455  0  -8
  4.1  0.3  0.91  0  0.455  0  -8.2
  4.2  0.3  0.91  0  0.455  0  -8.4
  4.3  0.3  0.91  0  0.455  0  -8.6
  4.4  0.3  0.91  0  0.455  0  -8.8
  4.5  0.3  0.91  0  0.455  0  -9
  4.6  0.3  0.91  0  0.455  0  -9.2
  4.7  0.3  0.91  0  0.455  0  -9.4
  4.8  0.3  0.91  0  0.455  0  -9.6
  4.9  0.3  0.91  0  0.455  0  -9.8
  5  0.3  0.91  0  0.455  0  -10
  5.1  0.3  0.91  0  0.455  0  -10.2
  5.2  0.3  0.91  0  0.455  0  -10.4
  5.3  0.3  0.91  0  0.455  0  -10.6
  5.4  0.3  0.91  0  0.455  0  -10.8
  5.5  0.3  0.91  0  0.455  0  -11
  5.6  0.3  0.91  0  0.455  0  -11.2
  5.7  0.3  0.91  0  0.455  0  -11.4
  5.8  0.3  0.91  0  0.455  0  -11.6
  5.9  0.3  0.91  0  0.455  0  -11.8
  6  0.3  0.91  0  0.455  0  -12
  0  0.4  0.84  0  0.42  0  -0
  0.1  0.4  0.84  0  0.42  0  -0.2
  0.2  0.4  0.84  0  0.42  0  -0.4
  0.3  0.4  0.84  0  0.42  0  -0.6
  0.4  0.4  0.84  0  0.42  0  -0.8
  0.5  0.4  0.84  0  0.42  0  -1
  0.6  0.4  0.84  0  0.42  0  -1.2
  0.7  0.4  0.84  0  0.42  0  -1.4
  0.8  0.4  0.84  0  0.42  0  -1.6
  0.9  0.4  0.84  0  0.42  0  -1.8
  1  0.4  0.84  0  0.42  0  -2
  1.1  0.4  0.84  0  0.42  0  -2.2
  1.2  0.4  0.84  0  0.42  0  -2.4
  1.3  0.4  0.84  0  0.42  0  -2.6
  1.4  0.4  0.84  0  0.42  0  -2.8
  1.5  0.4  0.84  0  0.42  0  -3
  1.6  0.4  0.84  0  0.42  0  -3.2
  1.7  0.4  0.84  0  0.42  0  -3.4
  1.8  0.4  0.84  0  0.42  0  -3.6
  1.9  0.4  0.84  0  0.42  0  -3.8
  2  0.4  0.84  0  0.42  0  -4
  2.1  0.4  0.84  0  0.42  0  -4.2
  2.2  0.4  0.84  0  0.42  0  -4.4
  2.3  0.4  0.84  0  0.42  0  -4.6
  2.4  0.4  0.84  0  0.42  0  -4.8
  2.5  0.4  0.84  0  0.42  0  -5
  2.6  0.4  0.84  0  0.42  0  -5.2
  2.7  0.4  0.84  0  0.42  0  -5.4
  2.8  0.4  0.84  0  0.42  0  -5.6
  2.9  0.4  0.84  0  0.42  0  -5.8
  3  0.4  0.84  0  0.42  0  -6
  3.1  0.4  0.84  0  0.42  0  -6.2
  3.2  0.4  0.84  0  0.42  0  -6.4
  3.3  0.4  0.84  0  0.42  0  -6.6
  3.4  0.4  0.84  0  0.42  0  -6.8
  3.5  0.4  0.84  0  0.42  0  -7
  3.6  0.4  0.84  0  0.42  0  -7.2
  3.7  0.4  0.84  0  0.42  0  -7.4
  3.8  0.4  0.84  0  0.42  0  -7.6
  3.9  0.4  0.84  0  0.42  0  -7.8
  4  0.4  0.84  0  0.42  0  -8
  4.1  0.4  0.84  0  0.42  0  -8.2
  4.2  0.4  0.84  0  0.42  0  -8.4
  4.3  0.4  0.84  0  0.42  0  -8.6
  4.4  0.4  0.84  0  0.42  0  -8.8
  4.5  0.4  0.84  0  0.42  0  -9
  4.6  0.4  0.84  0  0.42  0  -9.2
  4.7  0.4  0.84  0  0.42  0  -9.4
  4.8  0.4  0.84  0  0.42  0  -9.6
  4.9  0.4  0.84  0  0.42  0  -9.8
  5  0.4  0.84  0  0.42  0  -10
  5.1  0.4  0.84  0  0.42  0  -10.2
  5.2  0.4  0.84  0  0.42  0  -10.4
  5.3  0.4  0.84  0  0.42  0  -10.6
  5.4  0.4  0.84  0  0.42  0  -10.8
  5.5  0.4  0.84  0  0.42  0  -11
  5.6  0.4  0.84  0  0.42  0  -11.2
  5.7  0.4  0.84  0  0.42  0  -11.4
  5.8  0.4  0.84  0  0.42  0  -11.6
  5.9  0.4  0.84  0  0.42  0  -11.8
  6  0.4  0.84  0  0.42  0  -12
  0  0.5  0.75  0  0.375  0  -0
  0.1  0.5  0.75  0  0.375  0  -0.2
  0.2  0.5  0.75  0  0.375  0  -0.4
  0.3  0.5  0.75  0  0.375  0  -0.6
  0.4  0.5  0.75  0  0.375  0  -0.8
  0.5  0.5  0.75  0  0.375  0  -1
  0.6  0.5  0.75  0  0.375  0  -1.2
  0.7  0.5  0.75  0  0.375  0  -1.4
  0.8  0.5  0.75  0  0.375  0  -1.6
  0.9  0.5  0.75  0  0.375  0  -1.8
  1  0.5  0.75  0  0.375  0  -2
  1.1  0.5  0.75  0  0.375  0  -2.2
  1.2  0.5  0.75  0  0.375  0  -2.4
  1.3  0.5  0.75  0  0.375  0  -2.6
  1.4  0.5  0.75  0  0.375  0  -2.8
  1.5  0.5  0.75  0  0.375  0  -3
  1.6  0.5  0.75  0  0.375  0  -3.2
  1.7  0.5  0.75  0  0.375  0  -3.4
  1.8  0.5  0.75  0  0.375  0  -3.6
  1.9  0.5  0.75  0  0.375  0  -3.8
  2  0.5  0.75  0  0.375  0  -4
  2.1  0.5  0.75  0  0.375  0  -4.2
  2.2  0.5  0.75  0  0.375  0  -4.4
  2.3  0.5  0.75  0  0.375  0  -4.6
  2.4  0.5  0.75  0  0.375  0  -4.8
  2.5  0.5  0.75  0  0.375  0  -5
  2.6  0.5  0.75  0  0.375  0  -5.2
  2.7  0.5  0.75  0  0.375  0  -5.4
  2.8  0.5  0.75  0  0.375  0  -5.6
  2.9  0.5  0.75  0  0.375  0  -5.8
  3  0.5  0.75  0  0.375  0  -6
  3.1  0.5  0.75  0  0.375  0  -6.2
  3.2  0.5  0.75  0  0.375  0  -6.4
  3.3  0.5  0.75  0  0.375  0  -6.6
  3.4  0.5  0.75  0  0.375  0  -6.8
  3.5  0.5  0.75  0  0.375  0  -7
  3.6  0.5  0.75  0  0.375  0  -7.2
  3.7  0.5  0.75  0  0.375  0  -7.4
  3.8  0.5  0.75  0  0.375  0  -7.6
  3.9  0.5  0.75  0  0.375  0  -7.8
  4  0.5  0.75  0  0.375  0  -8
  4.1  0.5  0.75  0  0.375  0  -8.2
  4.2  0.5  0.75  0  0.375  0  -8.4
  4.3  0.5  0.75  0  0.375  0  -8.6
  4.4  0.5  0.75  0  0.375  0  -8.8
  4.5  0.5  0.75  0  0.375  0  -9
  4.6  0.5  0.75  0  0.375  0  -9.2
  4.7  0.5  0.75  0  0.375  0  -9.4
  4.8  0.5  0.75  0  0.375  0  -9.6
  4.9  0.5  0.75  0  0.375  0  -9.8
  5  0.5  0.75  0  0.375  0  -10
  5.1  0.5  0.75  0  0.375  0  -10.2
  5.2  0.5  0.75  0  0.375  0  -10.4
  5.3  0.5  0.75  0  0.375  0  -10.6
  5.4  0.5  0.75  0  0.375  0  -10.8
  5.5  0.5  0.75  0  0.375  0  -11
  5.6  0.5  0.75  0  0.375  0  -11.2
  5.7  0.5  0.75  0  0.375  0  -11.4
  5.8  0.5  0.75  0  0.375  0  -11.6
  5.9  0.5  0.75  0  0.375  0  -11.8
  6  0.5  0.75  0  0.375  0  -12
  0  0.6  0.64  0  0.32  0  -0
  0.1  0.6  0.64  0  0.32  0  -0.2
  0.2  0.6  0.64  0  0.32  0  -0.4
  0.3  0.6  0.64  0  0.32  0  -0.6
  0.4  0.6  0.64  0  0.32  0  -0.8
  0.5  0.6  0.64  0  0.32  0  -1
  0.6  0.6  0.64  0  0.32  0  -1.2
  0.7  0.6  0.64  0  0.32  0  -1.4
  0.8  0.6  0.64  0  0.32  0  -1.6
  0.9  0.6  0.64  0  0.32  0  -1.8
  1  0.6  0.64  0  0.32  0  -2
  1.1  0.6  0.64  0  0.32  0  -2.2
  1.2  0.6  0.64  0  0.32  0  -2.4
  1.3  0.6  0.64  0  0.32  0  -2.6
  1.4  0.6  0.64  0  0.32  0  -2.8
  1.5  0.6  0.64  0  0.32  0  -3
  1.6  0.6  0.64  0  0.32  0  -3.2
  1.7  0.6  0.64  0  0.32  0  -3.4
  1.8  0.6  0.64  0  0.32  0  -3.6
  1.9  0.6  0.64  0  0.32  0  -3.8
  2  0.6  0.64  0  0.32  0  -4
  2.1  0.6  0.64  0  0.32  0  -4.2
  2.2  0.6  0.64  0  0.32  0  -4.4
  2.3  0.6  0.64  0  0.32  0  -4.6
  2.4  0.6  0.64  0  0.32  0  -4.8
  2.5  0.6  0.64  0  0.32  0  -5
  2.6  0.6  0.64  0  0.32  0  -5.2
  2.7  0.6  0.64  0  0.32  0  -5.4
  2.8  0.6  0.64  0  0.32  0  -5.6
  2.9  0.6  0.64  0  0.32  0  -5.8
  3  0.6  0.64  0  0.32  0  -6
  3.1  0.6  0.64  0  0.32  0  -6.2
  3.2  0.6  0.64  0  0.32  0  -6.4
  3.3  0.6  0.64  0  0.32  0  -6.6
  3.4  0.6  0.64  0  0.32  0  -6.8
  3.5  0.6  0.64  0  0.32  0  -7
  3.6  0.6  0.64  0  0.32  0  -7.2
  3.7  0.6  0.64  0  0.32  0  -7.4
  3.8  0.6  0.64  0  0.32  0  -7.6
  3.9  0.6  0.64  0  0.32  0  -7.8
  4  0.6  0.64  0  0.32  0  -8
  4.1  0.6  0.64  0  0.32  0  -8.2
  4.2  0.6  0.64  0  0.32  0  -8.4
  4.3  0.6  0.64  0  0.32  0  -8.6
  4.4  0.6  0.64  0  0.32  0  -8.8
  4.5  0.6  0.64  0  0.32  0  -9
  4.6  0.6  0.64  0  0.32  0  -9.2
  4.7  0.6  0.64  0  0.32  0  -9.4
  4.8  0.6  0.64  0  0.32  0  -9.6
  4.9  0.6  0.64  0  0.32  0  -9.8
  5  0.6  0.64  0  0.32  0  -10
  5.1  0.6  0.64  0  0.32  0  -10.2
  5.2  0.6  0.64  0  0.32  0  -10.4
  5.3  0.6  0.64  0  0.32  0  -10.6
  5.4  0.6  0.64  0  0.32  0  -10.8
  5.5  0.6  0.64  0  0.32  0  -11
  5.6  0.6  0.64  0  0.32  0  -11.2
  5.7  0.6  0.64  0  0.32  0  -11.4
  5.8  0.6  0.64  0  0.32  0  -11.6
  5.9  0.6  0.64  0  0.32  0  -11.8
  6  0.6  0.64  0  0.32  0  -12
  0  0.7  0.51  0  0.255  0  -0
  0.1  0.7  0.51  0  0.255  0  -0.2
  0.2  0.7  0.51  0  0.255  0  -0.4
  0.3  0.7  0.51  0  0.255  0  -0.6
  0.4  0.7  0.51  0  0.255  0  -0.8
  0.5  0.7  0.51  0  0.255  0  -1
  0.6  0.7  0.51  0  0.255  0  -1.2
  0.7  0.7  0.51  0  0.255  0  -1.4
  0.8  0.7  0.51  0  0.255  0  -1.6
  0.9  0.7  0.51  0  0.255  0  -1.8
  1  0.7  0.51  0  0.255  0  -2
  1.1  0.7  0.51  0  0.255  0  -2.2
  1.2  0.7  0.51  0  0.255  0  -2.4
  1.3  0.7  0.51  0  0.255  0  -2.6
  1.4  0.7  0.51  0  0.255  0  -2.8
  1.5  0.7  0.51  0  0.255  0  -3
  1.6  0.7  0.51  0  0.255  0  -3.2
  1.7  0.7  0.51  0  0.255  0  -3.4
  1.8  0.7  0.51  0  0.255  0  -3.6
  1.9  0.7  0.51  0  0.255  0  -3.8
  2  0.7  0.51  0  0.255  0  -4
  2.1  0.7  0.51  0  0.255  0  -4.2
  2.2  0.7  0.51  0  0.255  0  -4.4
  2.3  0.7  0.51  0  0.255  0  -4.6
  2.4  0.7  0.51  0  0.255  0  -4.8
  2.5  0.7  0.51  0  0.255  0  -5
  2.6  0.7  0.51  0  0.255  0  -5.2
  2.7  0.7  0.51  0  0.255  0  -5.4
  2.8  0.7  0.51  0  0.255  0  -5.6
  2.9  0.7  0.51  0  0.255  0  -5.8
  3  0.7  0.51  0  0.255  0  -6
  3.1  0.7  0.51  0  0.255  0  -6.2
  3.2  0.7  0.51  0  0.255  0  -6.4
  3.3  0.7  0.51  0  0.255  0  -6.6
  3.4  0.7  0.51  0  0.255  0  -6.8
  3.5  0.7  0.51  0  0.255  0  -7
  3.6  0.7  0.51  0  0.255  0  -7.2
  3.7  0.7  0.51  0  0.255  0  -7.4
  3.8  0.7  0.51  0  0.255  0  -7.6
  3.9  0.7  0.51  0  0.255  0  -7.8
  4  0.7  0.51  0  0.255  0  -8
  4.1  0.7  0.51  0  0.255  0  -8.2
  4.2  0.7  0.51  0  0.255  0  -8.4
  4.3  0.7  0.51  0  0.255  0  -8.6
  4.4  0.7  0.51  0  0.255  0  -8.8
  4.5  0.7  0.51  0  0.255  0  -9
  4.6  0.7  0.51  0  0.255  0  -9.2
  4.7  0.7  0.51  0  0.255  0  -9.4
  4.8  0.7  0.51  0  0.255  0  -9.6
  4.9  0.7  0.51  0  0.255  0  -9.8
  5  0.7  0.51  0  0.255  0  -10
  5.1  0.7  0.51  0  0.255  0  -10.2
  5.2  0.7  0.51  0  0.255  0  -10.4
  5.3  0.7  0.51  0  0.255  0  -10.6
  5.4  0.7  0.51  0  0.255  0  -10.8
  5.5  0.7  0.51  0  0.255  0  -11
  5.6  0.7  0.51  0  0.255  0  -11.2
  5.7  0.7  0.51  0  0.255  0  -11.4
  5.8  0.7  0.51  0  0.255  0  -11.6
  5.9  0.7  0.51  0  0.255  0  -11.8
  6  0.7  0.51  0  0.255  0  -12
  0  0.8  0.36  0  0.18  0  -0
  0.1  0.8  0.36  0  0.18  0  -0.2
  0.2  0.8  0.36  0  0.18  0  -0.4
  0.3  0.8  0.36  0  0.18  0  -0.6
  0.4  0.8  0.36  0  0.18  0  -0.8
  0.5  0.8  0.36  0  0.18  0  -1
  0.6  0.8  0.36  0  0.18  0  -1.2
  0.7  0.8  0.36  0  0.18  0  -1.4
  0.8  0.8  0.36  0  0.18  0  -1.6
  0.9  0.8  0.36  0  0.18  0  -1.8
  1  0.8  0.36  0  0.18  0  -2
  1.1  0.8  0.36  0  0.18  0  -2.2
  1.2  0.8  0.36  0  0.18  0  -2.4
  1.3  0.8  0.36  0  0.18  0  -2.6
  1.4  0.8  0.36  0  0.18  0  -2.8
  1.5  0.8  0.36  0  0.18  0  -3
  1.6  0.8  0.36  0  0.18  0  -3.2
  1.7  0.8  0.36  0  0.18  0  -3.4
  1.8  0.8  0.36  0  0.18  0  -3.6
  1.9  0.8  0.36  0  0.18  0  -3.8
  2  0.8  0.36  0  0.18  0  -4
  2.1  0.8  0.36  0  0.18  0  -4.2
  2.2  0.8  0.36  0  0.18  0  -4.4
  2.3  0.8  0.36  0  0.18  0  -4.6
  2.4  0.8  0.36  0  0.18  0  -4.8
  2.5  0.8  0.36  0  0.18  0  -5
  2.6  0.8  0.36  0  0.18  0  -5.2
  2.7  0.8  0.36  0  0.18  0  -5.4
  2.8  0.8  0.36  0  0.18  0  -5.6
  2.9  0.8  0.36  0  0.18  0  -5.8
  3  0.8  0.36  0  0.18  0  -6
  3.1  0.8  0.36  0  0.18  0  -6.2
  3.2  0.8  0.36  0  0.18  0  -6.4
  3.3  0.8  0.36  0  0.18  0  -6.6
  3.4  0.8  0.36  0  0.18  0  -6.8
  3.5  0.8  0.36  0  0.18  0  -7
  3.6  0.8  0.36  0  0.18  0  -7.2
  3.7  0.8  0.36  0  0.18  0  -7.4
  3.8  0.8  0.36  0  0.18  0  -7.6
  3.9  0.8  0.36  0  0.18  0  -7.8
  4  0.8  0.36  0  0.18  0  -8
  4.1  0.8  0.36  0  0.18  0  -8.2
  4.2  0.8  0.36  0  0.18  0  -8.4
  4.3  0.8  0.36  0  0.18  0  -8.6
  4.4  0.8  0.36  0  0.18  0  -8.8
  4.5  0.8  0.36  0  0.18  0  -9
  4.6  0.8  0.36  0  0.18  0  -9.2
  4.7  0.8  0.36  0  0.18  0  -9.4
  4.8  0.8  0.36  0  0.18  0  -9.6
  4.9  0.8  0.36  0  0.18  0  -9.8
  5  0.8  0.36  0  0.18  0  -10
  5.1  0.8  0.36  0  0.18  0  -10.2
  5.2  0.8  0.36  0  0.18  0  -10.4
  5.3  0.8  0.36  0  0.18  0  -10.6
  5.4  0.8  0.36  0  0.18  0  -10.8
  5.5  0.8  0.36  0  0.18  0  -11
  5.6  0.8  0.36  0  0.18  0  -11.2
  5.7  0.8  0.36  0  0.18  0  -11.4
  5.8  0.8  0.36  0  0.18  0  -11.6
  5.9  0.8  0.36  0  0.18  0  -11.8
  6  0.8  0.36  0  0.18  0  -12
  0  0.9  0.19  0  0.095  0  -0
  0.1  0.9  0.19  0  0.095  0  -0.2
  0.2  0.9  0.19  0  0.095  0  -0.4
  0.3  0.9  0.19  0  0.095  0  -0.6
  0.4  0.9  0.19  0  0.095  0  -0.8
  0.5  0.9  0.19  0  0.095  0  -1
  0.6  0.9  0.19  0  0.095  0  -1.2
  0.7  0.9  0.19  0  0.095  0  -1.4
  0.8  0.9  0.19  0  0.095  0  -1.6
  0.9  0.9  0.19  0  0.095  0  -1.8
  1  0.9  0.19  0  0.095  0  -2
  1.1  0.9  0.19  0  0.095  0  -2.2
  1.2  0.9  0.19  0  0.095  0  -2.4
  1.3  0.9  0.19  0  0.095  0  -2.6
  1.4  0.9  0.19  0  0.095  0  -2.8
  1.5  0.9  0.19  0  0.095  0  -3
  1.6  0.9  0.19  0  0.095  0  -3.2
  1.7  0.9  0.19  0  0.095  0  -3.4
  1.8  0.9  0.19  0  0.095  0  -3.6
  1.9  0.9  0.19  0  0.095  0  -3.8
  2  0.9  0.19  0  0.095  0  -4
  2.1  0.9  0.19  0  0.095  0  -4.2
  2.2  0.9  0.19  0  0.095  0  -4.4
  2.3  0.9  0.19  0  0.095  0  -4.6
  2.4  0.9  0.19  0  0.095  0  -4.8
  2.5  0.9  0.19  0  0.095  0  -5
  2.6  0.9  0.19  0  0.095  0  -5.2
  2.7  0.9  0.19  0  0.095  0  -5.4
  2.8  0.9  0.19  0  0.095  0  -5.6
  2.9  0.9  0.19  0  0.095  0  -5.8
  3  0.9  0.19  0  0.095  0  -6
  3.1  0.9  0.19  0  0.095  0  -6.2
  3.2  0.9  0.19  0  0.095  0  -6.4
  3.3  0.9  0.19  0  0.095  0  -6.6
  3.4  0.9  0.19  0  0.095  0  -6.8
  3.5  0.9  0.19  0  0.095  0  -7
  3.6  0.9  0.19  0  0.095  0  -7.2
  3.7  0.9  0.19  0  0.095  0  -7.4
  3.8  0.9  0.19  0  0.095  0  -7.6
  3.9  0.9  0.19  0  0.095  0  -7.8
  4  0.9  0.19  0  0.095  0  -8
  4.1  0.9  0.19  0  0.095  0  -8.2
  4.2  0.9  0.19  0  0.095  0  -8.4
  4.3  0.9  0.19  0  0.095  0  -8.6
  4.4  0.9  0.19  0  0.095  0  -8.8
  4.5  0.9  0.19  0  0.095  0  -9
  4.6  0.9  0.19  0  0.095  0  -9.2
  4.7  0.9  0.19  0  0.095  0  -9.4
  4.8  0.9  0.19  0  0.095  0  -9.6
  4.9  0.9  0.19  0  0.095  0  -9.8
  5  0.9  0.19  0  0.095  0  -10
  5.1  0.9  0.19  0  0.095  0  -10.2
  5.2  0.9  0.19  0  0.095  0  -10.4
  5.3  0.9  0.19  0  0.095  0  -10.6
  5.4  0.9  0.19  0  0.095  0  -10.8
  5.5  0.9  0.19  0  0.095  0  -11
  5.6  0.9  0.19  0  0.095  0  -11.2
  5.7  0.9  0.19  0  0.095  0  -11.4
  5.8  0.9  0.19  0  0.095  0  -11.6
  5.9  0.9  0.19  0  0.095  0  -11.8
  6  0.9  0.19  0  0.095  0  -12
  0  1  0  0  0  0  -0
  0.1  1  0  0  0  0  -0.2
  0.2  1  0  0  0  0  -0.4
  0.3  1  0  0  0  0  -0.6
  0.4  1  0  0  0  0  -0.8
  0.5  1  0  0  0  0  -1
  0.6  1  0  0  0  0  -1.2
  0.7  1  0  0  0  0  -1.4
  0.8  1  0  0  0  0  -1.6
  0.9  1  0  0  0  0  -1.8
  1  1  0  0  0  0  -2
  1.1  1  0  0  0  0  -2.2
  1.2  1  0  0  0  0  -2.4
  1.3  1  0  0  0  0  -2.6
  1.4  1  0  0  0  0  -2.8
  1.5  1  0  0  0  0  -3
  1.6  1  0  0  0  0  -3.2
  1.7  1  0  0  0  0  -3.4
  1.8  1  0  0  0  0  -3.6
  1.9  1  0  0  0  0  -3.8
  2  1  0  0  0  0  -4
  2.1  1  0  0  0  0  -4.2
  2.2  1  0  0  0  0  -4.4
  2.3  1  0  0  0  0  -4.6
  2.4  1  0  0  0  0  -4.8
  2.5  1  0  0  0  0  -5
  2.6  1  0  0  0  0  -5.2
  2.7  1  0  0  0  0  -5.4
  2.8  1  0  0  0  0  -5.6
  2.9  1  0  0  0  0  -5.8
  3  1  0  0  0  0  -6
  3.1  1  0  0  0  0  -6.2
  3.2  1  0  0  0  0  -6.4
  3.3  1  0  0  0  0  -6.6
  3.4  1  0  0  0  0  -6.8
  3.5  1  0  0  0  0  -7
  3.6  1  0  0  0  0  -7.2
  3.7  1  0  0  0  0  -7.4
  3.8  1  0  0  0  0  -7.6
  3.9  1  0  0  0  0  -7.8
  4  1  0  0  0  0  -8
  4.1  1  0  0  0  0  -8.2
  4.2  1  0  0  0  0  -8.4
  4.3  1  0  0  0  0  -8.6
  4.4  1  0  0  0  0  -8.8
  4.5  1  0  0  0  0  -9
  4.6  1  0  0  0  0  -9.2
  4.7  1  0  0  0  0  -9.4
  4.8  1  0  0  0  0  -9.6
  4.9  1  0  0  0  0  -9.8
  5  1  0  0  0  0  -10
  5.1  1  0  0  0  0  -10.2
  5.2  1  0  0  0  0  -10.4
  5.3  1  0  0  0  0  -10.6
  5.4  1  0  0  0  0  -10.8
  5.5  1  0  0  0  0  -11
  5.6  1  0  0  0  0  -11.2
  5.7  1  0  0  0  0  -11.4
  5.8  1  0  0  0  0  -11.6
  5.9  1  0  0  0  0  -11.8
  6  1  0  0  0  0  -12
