Wed Oct  8 07:26:11 2025

asa147_test():
  python version: 3.10.12
  numpy version:  1.26.4
  Test asa147().

asa147_test01():
  gammds() computes the incomplete gamma function.
  Compare to tabulated values.

          A            X        FX                        FX2
                                (Tabulated)               (GAMMDS)                DIFF

    0.10000000    0.03000000    7.3823505323393512e-01    7.3823505323335925e-01  5.7587e-13
    0.10000000    0.30000000    9.0835798973003434e-01    9.0835798970073933e-01  2.9295e-11
    0.10000000    1.50000000    9.8865598336219473e-01    9.8865598329702165e-01  6.5173e-11
    0.50000000    0.07500000    3.0146464169666132e-01    3.0146464169641757e-01  2.4375e-13
    0.50000000    0.75000000    7.7932863808015318e-01    7.7932863807213393e-01  8.0193e-12
    0.50000000    3.50000000    9.9184902840649725e-01    9.9184902833182387e-01  7.4673e-11
    1.00000000    0.10000000    9.5162581964040427e-02    9.5162581963813511e-02  2.2692e-13
    1.00000000    1.00000000    6.3212055882855767e-01    6.3212055882403795e-01  4.5197e-12
    1.00000000    5.00000000    9.9326205300091452e-01    9.9326205284095648e-01  1.5996e-10
    1.10000000    0.10000000    7.2059745760543220e-02    7.2059745760397767e-02  1.4545e-13
    1.10000000    1.00000000    5.8918096187064850e-01    5.8918096186719215e-01  3.4563e-12
    1.10000000    5.00000000    9.9153681598455246e-01    9.9153681584879083e-01  1.3576e-10
    2.00000000    0.15000000    1.0185827111183520e-02    1.0185827111090949e-02  9.2572e-14
    2.00000000    1.50000000    4.4217459962892541e-01    4.4217459962124650e-01  7.6789e-12
    2.00000000    7.00000000    9.9270494427556388e-01    9.9270494417573363e-01  9.9830e-11
    6.00000000    2.50000000    4.2021038195306122e-02    4.2021038191825670e-02  3.4805e-12
    6.00000000   12.00000000    9.7965897058307161e-01    9.7965897042720118e-01  1.5587e-10
   11.00000000   16.00000000    9.2260398422964285e-01    9.2260398397481735e-01  2.5483e-10
   26.00000000   25.00000000    4.4707857997558520e-01    4.4707857984126431e-01  1.3432e-10
   41.00000000   45.00000000    7.4445492207186992e-01    7.4445492152113435e-01  5.5074e-10

asa147_test():
  Normal end of execution.
Wed Oct  8 07:26:11 2025
