0.000000000000000000e+00
3.000000000000000000e+00
7.000000000000000000e+00
1.100000000000000000e+01
1.700000000000000000e+01
2.100000000000000000e+01
2.400000000000000000e+01
2.800000000000000000e+01
3.200000000000000000e+01
3.500000000000000000e+01
3.800000000000000000e+01
4.100000000000000000e+01
4.500000000000000000e+01
4.700000000000000000e+01
5.300000000000000000e+01
5.700000000000000000e+01
6.300000000000000000e+01
6.600000000000000000e+01
6.900000000000000000e+01
7.100000000000000000e+01
7.400000000000000000e+01
7.800000000000000000e+01
8.200000000000000000e+01
8.700000000000000000e+01
9.300000000000000000e+01
9.700000000000000000e+01
1.030000000000000000e+02
1.090000000000000000e+02
1.140000000000000000e+02
1.180000000000000000e+02
1.230000000000000000e+02
1.260000000000000000e+02
1.300000000000000000e+02
1.350000000000000000e+02
1.400000000000000000e+02
1.420000000000000000e+02
1.480000000000000000e+02
1.520000000000000000e+02
1.550000000000000000e+02
1.580000000000000000e+02
1.610000000000000000e+02
1.630000000000000000e+02
1.660000000000000000e+02
