  0  1
  0.3  1.1
  0.6  1.2
  0.9  1.3
  1.2  1.4
  1.5  1.5
  1.8  1.6
  2.1  1.7
  2.4  1.8
  2.7  1.9
  3  2
  0.125  1.375
  0.425  1.475
  0.725  1.575
  1.025  1.675
  1.325  1.775
  1.625  1.875
  1.925  1.975
  2.225  2.075
  2.525  2.175
  2.825  2.275
  3.125  2.375
  0.25  1.75
  0.55  1.85
  0.85  1.95
  1.15  2.05
  1.45  2.15
  1.75  2.25
  2.05  2.35
  2.35  2.45
  2.65  2.55
  2.95  2.65
  3.25  2.75
  0.375  2.125
  0.675  2.225
  0.975  2.325
  1.275  2.425
  1.575  2.525
  1.875  2.625
  2.175  2.725
  2.475  2.825
  2.775  2.925
  3.075  3.025
  3.375  3.125
  0.5  2.5
  0.8  2.6
  1.1  2.7
  1.4  2.8
  1.7  2.9
  2  3
  2.3  3.1
  2.6  3.2
  2.9  3.3
  3.2  3.4
  3.5  3.5
  0.625  2.875
  0.925  2.975
  1.225  3.075
  1.525  3.175
  1.825  3.275
  2.125  3.375
  2.425  3.475
  2.725  3.575
  3.025  3.675
  3.325  3.775
  3.625  3.875
  0.75  3.25
  1.05  3.35
  1.35  3.45
  1.65  3.55
  1.95  3.65
  2.25  3.75
  2.55  3.85
  2.85  3.95
  3.15  4.05
  3.45  4.15
  3.75  4.25
  0.875  3.625
  1.175  3.725
  1.475  3.825
  1.775  3.925
  2.075  4.025
  2.375  4.125
  2.675  4.225
  2.975  4.325
  3.275  4.425
  3.575  4.525
  3.875  4.625
  1  4
  1.3  4.1
  1.6  4.2
  1.9  4.3
  2.2  4.4
  2.5  4.5
  2.8  4.6
  3.1  4.7
  3.4  4.8
  3.7  4.9
  4  5
