Wed Oct  8 08:47:25 2025

predator_prey_ode_period_test():
  python version: 3.10.12
  numpy version:  1.26.4
  Solve the predator prey ODE and estimate the period.

      ALPHA       Beta      Gamma      Delta    NP       Pobs     Predic      Tstop          H

0.5 0.001 10.0 0.002 3.0 3.0075567340708016 3.01179706355655 10.0 0.4047189562170388
1.0 0.001 10.0 0.002 4.0 2.2771825860851527 2.2481527112368007 10.0 1.4025850929940447
1.5 0.001 10.0 0.002 5.0 1.906820728510831 1.9059750744618493 10.0 2.662075301653303
2.0 0.001 10.0 0.002 6.0 1.7151957109502654 1.701833872627302 10.0 4.091464547107975
2.5 0.001 10.0 0.002 6.0 1.5777052219599508 1.563425903572085 10.0 5.647189562170496
3.0 0.001 10.0 0.002 7.0 1.4831059413807202 1.46245433708882 10.0 7.303592144986467
4.0 0.001 10.0 0.002 8.0 1.3647380378101914 1.3241339369330358 10.0 10.855517816455745

      Alpha       BETA      Gamma      Delta    NP       Pobs     Predic      Tstop          H

2.0 0.0005 10.0 0.002 6.0 1.8195422235515393 1.800168502125922 10.0 5.427758908227858
2.0 0.001 10.0 0.002 6.0 1.7151957109502654 1.701833872627302 10.0 4.091464547107975
2.0 0.002 10.0 0.002 6.0 1.6050062108530785 1.6072159026995816 10.0 2.8051701859880893
2.0 0.005 10.0 0.002 7.0 1.4947002359452757 1.4956214734338367 10.0 1.2725887222397745

      Alpha       Beta      GAMMA      Delta    NP       Pobs     Predic      Tstop          H

2.0 0.001 5.0 0.002 4.0 2.7071684309993067 2.672994141218785 10.0 5.625728644308239
2.0 0.001 7.5 0.002 5.0 2.0288700570555704 2.016455781389568 10.0 4.433849003719615
2.0 0.001 10.0 0.002 6.0 1.7151957109502654 1.701833872627302 10.0 4.091464547107975
2.0 0.001 15.0 0.002 7.0 1.4349482119405632 1.4360158160159289 10.0 5.17344116873042

      Alpha       Beta      Gamma      DELTA    NP       Pobs     Predic      Tstop          H

2.0 0.001 10.0 0.001 5.0 1.845950111184595 1.8438037585215405 10.0 6.022936352707433
2.0 0.001 10.0 0.002 6.0 1.7151957109502654 1.701833872627302 10.0 4.091464547107975
2.0 0.001 10.0 0.003 6.0 1.7696646717398519 1.7714371760786167 10.0 5.036813466026317
2.0 0.001 10.0 0.004 6.0 1.9178832187196395 1.9266796289714496 10.0 7.159992741508503
2.0 0.001 10.0 0.005 5.0 2.1685452854553535 2.1248283753646646 10.0 9.92855722836643

predator_prey_ode_period_test():
  Normal end of execution.
Wed Oct  8 08:47:25 2025
