0.000000000000000000e+00
1.000000000000000000e+01
1.400000000000000000e+01
1.800000000000000000e+01
2.200000000000000000e+01
2.600000000000000000e+01
2.900000000000000000e+01
3.400000000000000000e+01
3.700000000000000000e+01
4.000000000000000000e+01
4.300000000000000000e+01
4.600000000000000000e+01
4.800000000000000000e+01
5.300000000000000000e+01
5.800000000000000000e+01
6.300000000000000000e+01
6.800000000000000000e+01
7.200000000000000000e+01
7.700000000000000000e+01
7.900000000000000000e+01
8.900000000000000000e+01
9.200000000000000000e+01
9.500000000000000000e+01
9.800000000000000000e+01
1.010000000000000000e+02
1.040000000000000000e+02
1.080000000000000000e+02
1.120000000000000000e+02
1.160000000000000000e+02
1.200000000000000000e+02
1.230000000000000000e+02
1.330000000000000000e+02
1.360000000000000000e+02
1.390000000000000000e+02
1.420000000000000000e+02
1.450000000000000000e+02
1.480000000000000000e+02
1.580000000000000000e+02
1.630000000000000000e+02
1.680000000000000000e+02
1.730000000000000000e+02
1.780000000000000000e+02
1.820000000000000000e+02
1.870000000000000000e+02
1.910000000000000000e+02
1.950000000000000000e+02
1.990000000000000000e+02
2.030000000000000000e+02
2.060000000000000000e+02
2.160000000000000000e+02
2.190000000000000000e+02
2.220000000000000000e+02
2.250000000000000000e+02
2.280000000000000000e+02
2.310000000000000000e+02
2.410000000000000000e+02
2.460000000000000000e+02
2.510000000000000000e+02
2.560000000000000000e+02
2.610000000000000000e+02
2.650000000000000000e+02
2.700000000000000000e+02
2.740000000000000000e+02
2.780000000000000000e+02
2.820000000000000000e+02
2.860000000000000000e+02
2.890000000000000000e+02
2.940000000000000000e+02
