-2.788416000000000228e-01
-2.680185999999999957e-01
-2.323716999999999866e-01
-1.575081999999999871e-01
-6.325978000000000157e-02
1.394208000000000114e-01
1.340092999999999979e-01
1.161858999999999947e-01
7.875411200000000111e-02
3.162989000000000078e-02
-8.000000000000000444e-01
-9.159532999999999703e-01
4.000000000000000222e-01
1.000000000000000000e+00
-8.000000000000000444e-01
-9.159532999999999703e-01
4.000000000000000222e-01
1.000000000000000000e+00
-8.000000000000000444e-01
-9.159532999999999703e-01
4.000000000000000222e-01
1.000000000000000000e+00
-8.000000000000000444e-01
-9.159532999999999703e-01
4.000000000000000222e-01
1.000000000000000000e+00
-8.000000000000000444e-01
4.000000000000000222e-01
1.000000000000000000e+00
1.344622000000000039e-01
1.175679000000000030e-01
8.859261899999999745e-02
4.759439099999999978e-02
1.178291000000000061e-02
-8.341817999999999733e-01
4.000000000000000222e-01
1.000000000000000000e+00
-8.341817999999999733e-01
4.000000000000000222e-01
1.000000000000000000e+00
-8.341817999999999733e-01
4.000000000000000222e-01
1.000000000000000000e+00
-8.341817999999999733e-01
4.000000000000000222e-01
1.000000000000000000e+00
4.000000000000000222e-01
1.000000000000000000e+00
1.265822999999999920e+00
4.000000000000000222e-01
-1.265822999999999920e+00
3.333332999999999990e-01
1.000000000000000000e+00
1.012658000000000058e+00
4.000000000000000222e-01
-1.012658000000000058e+00
3.333332999999999990e-01
1.000000000000000000e+00
7.594937000000000493e-01
4.000000000000000222e-01
-7.594937000000000493e-01
3.333332999999999990e-01
1.000000000000000000e+00
5.063290999999999764e-01
4.000000000000000222e-01
-5.063290999999999764e-01
3.333332999999999990e-01
1.000000000000000000e+00
4.000000000000000222e-01
-2.531646000000000174e-01
3.333332999999999990e-01
1.000000000000000000e+00
-3.361555999999999989e-01
-2.939196000000000031e-01
-2.214814999999999978e-01
-1.189859999999999945e-01
1.000000000000000000e+00
6.666666999999999454e-01
1.000000000000000000e+00
-2.071758999999999962e-01
-2.140392000000000128e-01
-2.144205999999999890e-01
-1.986767999999999867e-01
-1.656874000000000124e-01
1.243054999999999993e-01
1.284234999999999960e-01
1.286524000000000001e-01
1.192060999999999954e-01
9.941246400000000594e-02
-1.000000000000000000e+00
5.999999999999999778e-01
1.000000000000000000e+00
-1.000000000000000000e+00
5.999999999999999778e-01
1.000000000000000000e+00
-1.000000000000000000e+00
5.999999999999999778e-01
1.000000000000000000e+00
-1.000000000000000000e+00
5.999999999999999778e-01
1.000000000000000000e+00
-1.000000000000000000e+00
5.999999999999999778e-01
1.000000000000000000e+00
4.500000000000000111e-01
-9.583186999999999678e-01
5.000000000000000000e-01
1.000000000000000000e+00
4.500000000000000111e-01
-9.583186999999999678e-01
5.000000000000000000e-01
1.000000000000000000e+00
4.500000000000000111e-01
-9.583186999999999678e-01
5.000000000000000000e-01
1.000000000000000000e+00
4.500000000000000111e-01
-9.583186999999999678e-01
5.000000000000000000e-01
1.000000000000000000e+00
4.500000000000000111e-01
5.000000000000000000e-01
1.000000000000000000e+00
-2.070985999999999938e-01
-2.232996999999999899e-01
-2.286264000000000074e-01
-2.024527999999999883e-01
-1.385225999999999957e-01
-2.070985999999999938e-01
-2.232996999999999899e-01
-2.286264000000000074e-01
-2.024527999999999883e-01
-1.385225999999999957e-01
-1.050000000000000044e+00
-1.050000000000000044e+00
1.000000000000000000e+00
-1.050000000000000044e+00
-1.050000000000000044e+00
1.000000000000000000e+00
-1.050000000000000044e+00
-1.050000000000000044e+00
1.000000000000000000e+00
-1.050000000000000044e+00
-1.050000000000000044e+00
1.000000000000000000e+00
-1.050000000000000044e+00
-1.050000000000000044e+00
1.000000000000000000e+00
8.147448999999999664e-02
9.789015399999999312e-02
1.131608000000000058e-01
1.150555000000000050e-01
9.241908799999999646e-02
9.052720699999999843e-02
1.087667999999999968e-01
1.257341999999999904e-01
1.278393999999999919e-01
1.026878999999999986e-01
1.567398000000000069e+00
6.500000000000000222e-01
-1.567398000000000069e+00
7.222222000000000364e-01
1.000000000000000000e+00
1.253918000000000088e+00
6.500000000000000222e-01
-1.253918000000000088e+00
7.222222000000000364e-01
1.000000000000000000e+00
9.404388999999999665e-01
6.500000000000000222e-01
-9.404388999999999665e-01
7.222222000000000364e-01
1.000000000000000000e+00
6.269592000000000498e-01
6.500000000000000222e-01
-6.269592000000000498e-01
7.222222000000000364e-01
1.000000000000000000e+00
6.500000000000000222e-01
-3.134796000000000249e-01
7.222222000000000364e-01
1.000000000000000000e+00
-2.788416000000000228e-01
-2.680185999999999957e-01
-2.323716999999999866e-01
-1.575081999999999871e-01
1.000000000000000000e+00
2.500000000000000000e-01
-8.242247999999999797e-01
5.000000000000000000e-01
1.000000000000000000e+00
2.500000000000000000e-01
-8.242247999999999797e-01
5.000000000000000000e-01
1.000000000000000000e+00
2.500000000000000000e-01
-8.242247999999999797e-01
5.000000000000000000e-01
1.000000000000000000e+00
2.500000000000000000e-01
-8.242247999999999797e-01
5.000000000000000000e-01
1.000000000000000000e+00
2.500000000000000000e-01
5.000000000000000000e-01
1.000000000000000000e+00
-1.581625999999999865e-01
-1.947711000000000026e-01
-2.303917000000000048e-01
-2.362845000000000084e-01
-1.803899999999999948e-01
-1.581625999999999865e-01
-1.947711000000000026e-01
-2.303917000000000048e-01
-2.362845000000000084e-01
-1.803899999999999948e-01
-9.722222000000000364e-01
-9.722222000000000364e-01
1.000000000000000000e+00
-9.722222000000000364e-01
-9.722222000000000364e-01
1.000000000000000000e+00
-9.722222000000000364e-01
-9.722222000000000364e-01
1.000000000000000000e+00
-9.722222000000000364e-01
-9.722222000000000364e-01
1.000000000000000000e+00
-9.722222000000000364e-01
-9.722222000000000364e-01
1.000000000000000000e+00
5.322863900000000120e-02
7.574541899999999439e-02
1.061027999999999971e-01
1.333878000000000008e-01
1.315352999999999939e-01
-1.064573000000000047e-01
-1.514908000000000088e-01
-2.122055999999999942e-01
-2.667757000000000045e-01
-2.630705999999999878e-01
1.863353999999999955e+00
4.722221999999999809e-01
-1.863353999999999955e+00
-9.444443999999999617e-01
1.000000000000000000e+00
1.490682999999999980e+00
4.722221999999999809e-01
-1.490682999999999980e+00
-9.444443999999999617e-01
1.000000000000000000e+00
1.118012000000000006e+00
4.722221999999999809e-01
-1.118012000000000006e+00
-9.444443999999999617e-01
1.000000000000000000e+00
7.453416000000000485e-01
4.722221999999999809e-01
-7.453416000000000485e-01
-9.444443999999999617e-01
1.000000000000000000e+00
4.722221999999999809e-01
-3.726708000000000243e-01
-9.444443999999999617e-01
1.000000000000000000e+00
-2.069953999999999961e-01
-2.356468999999999925e-01
-2.475674999999999959e-01
-2.074873000000000134e-01
1.000000000000000000e+00
1.863353999999999955e+00
4.444444000000000172e-01
-1.863353999999999955e+00
1.000000000000000000e+00
1.490682999999999980e+00
4.444444000000000172e-01
-1.490682999999999980e+00
1.000000000000000000e+00
1.118012000000000006e+00
4.444444000000000172e-01
-1.118012000000000006e+00
1.000000000000000000e+00
7.453416000000000485e-01
4.444444000000000172e-01
-7.453416000000000485e-01
1.000000000000000000e+00
4.444444000000000172e-01
-3.726708000000000243e-01
1.000000000000000000e+00
-1.443354000000000026e-01
-1.918556999999999901e-01
-2.421497999999999984e-01
-2.541192999999999924e-01
1.000000000000000000e+00
