121
57
4
2
74
52
110
9
112
142
6
95
44
18
50
93
125
29
0
86
84
26
67
73
9
33
128
121
103
120
7
81
11
30
42
91
134
11
41
67
0
60
24
133
119
136
120
84
94
10
84
115
26
9
115
33
21
79
40
134
11
82
93
0
60
13
92
120
133
134
63
25
128
32
0
100
92
120
45
12
0
46
108
98
48
126
138
64
56
122
77
120
120
84
83
76
70
69
8
47
9
102
120
134
114
38
125
19
67
0
71
111
134
22
32
134
22
27
134
22
62
125
61
121
17
81
78
9
31
138
116
64
63
28
70
43
1
95
99
101
128
3
94
34
121
141
139
75
90
88
79
106
135
134
109
64
19
70
21
85
49
135
124
36
64
70
69
48
131
121
78
104
128
14
33
64
128
121
130
140
137
124
138
51
64
63
127
43
115
87
5
70
69
104
48
131
128
14
64
33
128
121
60
118
105
15
131
120
54
123
66
31
134
117
68
35
128
120
23
48
137
124
56
121
72
55
80
92
35
120
134
64
65
107
120
123
31
113
89
63
37
67
132
120
125
84
129
58
113
63
0
86
16
92
53
9
120
59
92
121
96
20
121
96
48
121
96
113
89
97
54
121
39
