Wed Oct  8 09:07:10 2025

tetrahedron_integrals_test():
  python version: 3.10.12
  numpy version:  1.26.4
  Test tetrahedron_integrals().

tetrahedron_monomial_integral_test()
  tetrahedron_monomial_integral() returns the integral of a monomial
  over the interior of the unit tetrahedron in 3D.
  Compare with a Monte Carlo estimate.

  Number of sample points used is 4192

  Ex  Ey  Ez     MC-Estimate      Exact           Error

   0   0   0        0.166667        0.166667           0
   0   0   1       0.0415396       0.0416667     0.00013
   0   0   2       0.0164309       0.0166667     0.00024
   0   0   3      0.00811392      0.00833333     0.00022
   0   1   0       0.0426889       0.0416667       0.001
   0   1   1      0.00849269      0.00833333     0.00016
   0   1   2      0.00278892      0.00277778     1.1e-05
   0   1   3      0.00117757      0.00119048     1.3e-05
   0   2   0       0.0172939       0.0166667     0.00063
   0   2   1      0.00286706      0.00277778     8.9e-05
   0   2   2     0.000804598     0.000793651     1.1e-05
   0   2   3      0.00029604     0.000297619     1.6e-06
   0   3   0      0.00869463      0.00833333     0.00036
   0   3   1      0.00123976      0.00119048     4.9e-05
   0   3   2     0.000304541     0.000297619     6.9e-06
   0   3   3     9.94305e-05     9.92063e-05     2.2e-07
   1   0   0       0.0411575       0.0416667     0.00051
   1   0   1      0.00825856      0.00833333     7.5e-05
   1   0   2      0.00275684      0.00277778     2.1e-05
   1   0   3      0.00117885      0.00119048     1.2e-05
   1   1   0      0.00836632      0.00833333     3.3e-05
   1   1   1       0.0014075      0.00138889     1.9e-05
   1   1   2      0.00040326     0.000396825     6.4e-06
   1   1   3     0.000151036      0.00014881     2.2e-06
   1   2   0      0.00280659      0.00277778     2.9e-05
   1   2   1     0.000403059     0.000396825     6.2e-06
   1   2   2     0.000100616     9.92063e-05     1.4e-06
   1   2   3     3.34637e-05     3.30688e-05     3.9e-07
   1   3   0      0.00121109      0.00119048     2.1e-05
   1   3   1     0.000151743      0.00014881     2.9e-06
   1   3   2     3.34761e-05     3.30688e-05     4.1e-07
   1   3   3     9.98549e-06     9.92063e-06     6.5e-08
   2   0   0       0.0164811       0.0166667     0.00019
   2   0   1      0.00273664      0.00277778     4.1e-05
   2   0   2     0.000785788     0.000793651     7.9e-06
   2   0   3     0.000295478     0.000297619     2.1e-06
   2   1   0      0.00278683      0.00277778     9.1e-06
   2   1   1     0.000404265     0.000396825     7.4e-06
   2   1   2      0.00010237     9.92063e-05     3.2e-06
   2   1   3     3.43792e-05     3.30688e-05     1.3e-06
   2   2   0     0.000794922     0.000793651     1.3e-06
   2   2   1      0.00010076     9.92063e-05     1.6e-06
   2   2   2      2.2627e-05     2.20459e-05     5.8e-07
   2   2   3     6.85866e-06     6.61376e-06     2.4e-07
   2   3   0     0.000298583     0.000297619     9.6e-07
   2   3   1     3.34319e-05     3.30688e-05     3.6e-07
   2   3   2     6.70166e-06     6.61376e-06     8.8e-08
   2   3   3     1.84169e-06     1.80375e-06     3.8e-08
   3   0   0      0.00825985      0.00833333     7.3e-05
   3   0   1      0.00116036      0.00119048       3e-05
   3   0   2     0.000291071     0.000297619     6.5e-06
   3   0   3     9.74307e-05     9.92063e-05     1.8e-06
   3   1   0       0.0011968      0.00119048     6.3e-06
   3   1   1     0.000151898      0.00014881     3.1e-06
   3   1   2     3.43767e-05     3.30688e-05     1.3e-06
   3   1   3     1.04326e-05     9.92063e-06     5.1e-07
   3   2   0     0.000296928     0.000297619     6.9e-07
   3   2   1     3.36972e-05     3.30688e-05     6.3e-07
   3   2   2     6.86535e-06     6.61376e-06     2.5e-07
   3   2   3     1.90444e-06     1.80375e-06       1e-07
   3   3   0     9.83762e-05     9.92063e-05     8.3e-07
   3   3   1     1.00008e-05     9.92063e-06       8e-08
   3   3   2     1.83831e-06     1.80375e-06     3.5e-08
   3   3   3     4.67138e-07     4.50938e-07     1.6e-08

tetrahedron01_sample_test()
  tetrahedron01_sample() samples the unit tetrahedron.

  Sample points in the unit tetrahedron.

  Row:       0             1             2       
  Col
      0 :    0.350367       0.32897      0.135412  
      1 :    0.045656      0.211158      0.731645  
      2 :    0.272658      0.518295      0.191911  
      3 :    0.359141      0.050817      0.209251  
      4 :    0.255186      0.202258      0.143832  
      5 :    0.127034      0.417745     0.0301167  
      6 :    0.758322     0.0877219      0.120658  
      7 :    0.123329      0.352025      0.156616  
      8 :   0.0848028       0.71316     0.0687538  
      9 :    0.464396       0.39124     0.0848845  

tetrahedron01_volume_test()
  tetrahedron01_volume() returns the volume of the unit tetrahedron.

  tetrahedron01_volume() = 0.166667

tetrahedron_integrals_test():
  Normal end of execution.
Wed Oct  8 09:07:10 2025
