Wed Oct  8 07:53:20 2025

hexagon_stroud_rule_test():
  python version: 3.10.12
  numpy version:  1.26.4
  Test hexagon_stroud().

hexagon_quadrature_test():
  TestStroud rule #1

Degree  Exponents      Exact       Estimate    Error

   0   0   0         2.59808         2.59808     4.44089e-16

   1   1   0               0               0               0
   1   0   1               0               0               0

   2   2   0        0.541266               0        0.541266
   2   1   1               0               0               0
   2   0   2        0.541266               0        0.541266

   3   3   0               0               0               0
   3   2   1               0               0               0
   3   1   2               0               0               0
   3   0   3               0               0               0


hexagon_quadrature_test():
  TestStroud rule #2

Degree  Exponents      Exact       Estimate    Error

   0   0   0         2.59808         2.59808     4.44089e-16

   1   1   0               0               0               0
   1   0   1               0               0               0

   2   2   0        0.541266        0.541266               0
   2   1   1               0               0               0
   2   0   2        0.541266        0.541266     1.11022e-16

   3   3   0               0               0               0
   3   2   1               0               0               0
   3   1   2               0               0               0
   3   0   3               0               0               0

   4   4   0        0.227332        0.225527      0.00180422
   4   3   1               0               0               0
   4   2   2       0.0757772               0       0.0757772
   4   1   3               0               0               0
   4   0   4        0.227332        0.225527      0.00180422

   5   5   0               0               0               0
   5   4   1               0               0               0
   5   3   2               0               0               0
   5   2   3               0               0               0
   5   1   4               0               0               0
   5   0   5               0               0               0


hexagon_quadrature_test():
  TestStroud rule #3

Degree  Exponents      Exact       Estimate    Error

   0   0   0         2.59808         2.59808               0

   1   1   0               0               0               0
   1   0   1               0               0               0

   2   2   0        0.541266        0.541266               0
   2   1   1               0               0               0
   2   0   2        0.541266        0.541266     1.11022e-16

   3   3   0               0               0               0
   3   2   1               0               0               0
   3   1   2               0               0               0
   3   0   3               0               0               0

   4   4   0        0.227332        0.405949        0.178618
   4   3   1               0               0               0
   4   2   2       0.0757772        0.135316       0.0595392
   4   1   3               0               0               0
   4   0   4        0.227332        0.405949        0.178618

   5   5   0               0               0               0
   5   4   1               0               0               0
   5   3   2               0               0               0
   5   2   3               0               0               0
   5   1   4               0               0               0
   5   0   5               0               0               0


hexagon_quadrature_test():
  TestStroud rule #4

Degree  Exponents      Exact       Estimate    Error

   0   0   0         2.59808         2.59808     4.44089e-16

   1   1   0               0               0               0
   1   0   1               0               0               0

   2   2   0        0.541266        0.541266               0
   2   1   1               0               0               0
   2   0   2        0.541266        0.541266     3.33067e-16

   3   3   0               0               0               0
   3   2   1               0               0               0
   3   1   2               0               0               0
   3   0   3               0               0               0

   4   4   0        0.227332        0.227332     8.32667e-17
   4   3   1               0               0               0
   4   2   2       0.0757772       0.0757772     2.77556e-17
   4   1   3               0               0               0
   4   0   4        0.227332        0.227332     1.38778e-16

   5   5   0               0               0               0
   5   4   1               0               0               0
   5   3   2               0               0               0
   5   2   3               0               0               0
   5   1   4               0               0               0
   5   0   5               0               0               0

   6   6   0        0.123235        0.116697      0.00653772
   6   5   1               0               0               0
   6   4   2       0.0211674       0.0106088       0.0105586
   6   3   3               0               0               0
   6   2   4       0.0269666       0.0318264      0.00485979
   6   1   5               0               0               0
   6   0   6        0.117435       0.0954793       0.0219561

   7   7   0               0               0               0
   7   6   1               0               0               0
   7   5   2               0               0               0
   7   4   3               0               0               0
   7   3   4               0               0               0
   7   2   5               0               0               0
   7   1   6               0               0               0
   7   0   7               0               0               0


hexagon_stroud_rule_test():
  Normal end of execution.
Wed Oct  8 07:53:21 2025
